2236
276
3569
2549
3668
4174
2294
1087
135
37
163
2720
4159
577
1306
4206
995
2556
3643
4470
2558
3361
3332
2258
2291
3714
724
3157
616
2509
2831
3451
3443
3394
3554
2734
2560
3244
4773
4998
669
997
2866
2574
2231
767
3652
1095
3886
1008
705
1840
2018
2568
4568
2746
709
4132
3120
3994
2300
1822
1253
1103
2498
4696
187
1551
2227
2813
1214
667
3092
286
4554
2820
4061
2405
4798
1288
3103
900
182
4452
2978
4399
1857
2575
4964
203
2222
2081
2768
2338
3612
2008
1499
1797
666
2884
1615
3610
3074
288
4627
4515
4811
15
3506
4141
4372
1365
2390
1399
4022
4011
2624
278
1553
3158
3181
752
3411
2850
4318
1397
3242
3540
735
4162
3582
2229
3755
3952
121
4960
2161
1566
2113
720
968
1286
10
2789
936
2307
3524
836
3759
1011
2883
114
715
2019
2668
3664
1349
1289
552
314
1837
1164
209
2832
3462
723
790
45
4026
3873
3382
3324
2345
4024
2534
1382
4771
2550
104
922
431
22
3141
1918
2101
4686
3137
3801
748
4448
1794
3205
1174
2940
4443
4718
4889
1932
4950
1660
1557
1094
296
3211
1793
1197
3198
386
2386
3486
4952
2123
169
2005
3507
112
101
1727
3046
1266
1587
4036
4656
4493
3207
1028
59
3718
3653
3375
228
2906
1860
2216
4738
3619
1783
2844
3383
911
4336
3184
4866
4104
614
3191
2193
1656
3622
1562
3810
2478
2382
1534
3077
1381
512
4030
4821
3999
2261
3638
4070
4494
716
4365
2925
2371
1012
1884
2645
1006
235
347
1921
1364
199
4626
2225
272
3930
3089
287
327
3790
939
2824
713
4351
2525
478
744
479
1496
661
3634
3308
309
3835
1598
4887
3350
4641
3863
3003
3478
880
1832
4241
1043
277
400
4440
1961
1524
826
1962
4402
2956
2988
3108
2897
1713
2669
4446
4878
1786
1508
2717
1026
2620
3721
3787
2594
2023
1823
1581
3254
2196
1146
4974
2567
4772
600
2705
1677
3872
718
1065
3912
3042
4514
3363
221
443
3509
1002
812
2800
3636
2799
3006
120
4287
4284
3851
4433
463
3262
1571
1307
641
1988
1762
2571
407
2301
3816
859
1165
3348
3245
2423
358
2802
4499
618
2924
2302
4957
4747
4617
3416
3928
2195
3199
4556
1229
1752
1813
3989
4054
862
2151
3489
2099
109
1851
525
3033
2040
4249
1170
3699
4449
4674
2957
3765
4756
3800
3934
2903
1248
139
1535
4042
2091
3728
4252
2539
2103
131
2715
2119
2166
1803
2076
4064
74
4729
3709
1310
888
4010
4536
4501
4344
2326
2052
873
4860
2841
117
1124
2189
781
1626
118
1679
2753
4648
1153
432
2463
429
4175
2506
4143
40
331
2733
3837
3836
3691
4503
3962
3774
1971
4461
1815
299
4063
2032
353
4905
3225
1073
2658
3498
3434
967
3317
2218
4455
337
4293
3998
137
2989
3240
1568
317
1048
4088
3088
2965
1693
4317
3144
1666
2038
868
4698
4091
1259
3704
3395
4358
689
1935
2106
3
105
573
1013
8
875
3519
1966
3578
2424
1492
3983
2849
3615
2283
1969
3314
420
3847
1849
3809
3232
1767
2197
3991
3750
2272
2421
4787
1978
1770
4168
2886
216
3039
19
3190
3494
3678
3814
1093
4124
2102
4052
4479
2379
2314
2067
4670
4422
1542
3598
4397
4523
1520
4067
4438
3000
1512
3613
3743
2252
1391
2741
4065
3309
4505
2130
2347
2342
1317
2401
4107
1175
1191
154
1355
923
2285
4306
4466
916
912
3892
3474
1995
3053
847
1157
2060
3842
3793
841
1923
2097
4795
4111
3035
65
982
2852
1249
4723
1674
1863
4873
3599
2442
1456
2718
4737
4736
4883
4286
4659
4508
4553
2413
3920
3711
1711
4194
2570
1441
73
2609
4295
1044
1025
940
4441
1045
3807
4609
4662
3992
4046
76
2152
2446
1017
39
234
4645
647
3504
3413
4401
4476
378
4184
1881
4133
2429
3882
1992
75
2518
763
3055
931
1226
4264
3570
3479
1401
2170
1808
1804
977
375
1219
4150
4045
381
1817
4727
4316
1386
4880
1911
240
2366
2510
1473
3675
732
4962
4225
2981
77
2515
2479
2276
3877
4342
3235
4863
731
1953
488
1326
3068
3826
2725
2016
380
3502
1545
3533
1422
1919
4032
2868
1179
3341
3436
4281
4144
2114
82
901
3023
2692
365
658
728
2730
496
1303
3016
367
4808
4591
2904
2976
351
3845
798
357
773
1489
4584
2999
1565
3263
2996
1105
2801
2779
4288
1293
3219
108
4483
3192
2621
2531
4986
1066
3012
281
2520
1368
2133
1543
1965
1876
3447
4791
1424
899
3325
4096
4117
1302
2100
4835
3557
2192
1806
4968
21
3450
2714
946
1984
4993
1867
3313
4302
4734
533
853
2870
2039
232
2532
356
2836
1296
4895
4825
4103
3222
1487
1914
2541
753
4459
1589
3575
2071
2742
2
4200
4431
306
2500
4083
1137
4683
2149
1488
2682
3966
312
1570
3362
4973
3932
2361
4421
1194
2394
4531
256
4804
489
166
3857
3082
1261
2360
3029
4843
1694
4267
1054
2614
4891
247
2303
1155
4078
3172
4164
1957
1156
2461
3631
2551
2955
3891
4588
4356
4663
2826
1319
1232
119
2438
2420
4990
2033
1154
245
2902
1000
2651
4404
4300
1067
4785
4315
904
2784
990
305
1158
2281
3745
361
2034
1291
2719
1072
1159
269
2107
4442
9
4616
4379
1062
560
2387
2364
4867
3782
18
4745
3369
1182
4851
3860
3671
4059
2951
157
2855
690
3370
1443
1599
2678
267
4114
883
1766
2315
4261
3901
2313
792
917
2055
4800
766
2084
4840
592
3112
2135
3667
4337
1900
3054
1586
1882
738
1908
484
1086
3444
2265
664
4180
3975
3359
541
2143
1933
3777
4618
3639
2399
1663
237
4933
2296
2950
4784
4165
2422
2204
1865
1258
133
2412
3707
4978
2890
4420
1446
3608
3933
4724
1572
302
2260
1620
2497
2181
4720
2745
2484
3868
410
2748
4910
469
1046
4275
88
1458
1554
3040
1617
2711
3287
419
4413
227
2436
611
772
398
4836
971
2246
4857
475
1983
2919
1379
1907
3227
3792
68
4529
2356
3419
3659
6
1343
4797
1789
2234
4757
4858
2171
2968
2766
4992
3295
46
4604
56
4243
2727
4739
12
1657
1409
1709
2007
4447
2646
222
4684
2653
1265
3387
2602
1891
4593
4587
1320
3630
1917
2794
1243
2929
834
4839
3143
1503
595
4328
1421
1516
3019
4419
1101
855
935
1478
4915
3159
170
4725
1928
1603
225
2245
3218
3771
927
4462
2299
2825
579
4211
2937
4395
845
2563
392
2642
1611
128
3516
246
2013
406
2713
682
1483
3034
1450
1594
4589
3660
2591
2736
1050
2051
3166
2331
2947
3717
2001
3946
453
3520
3572
4979
3677
925
1128
1836
3723
852
236
2257
749
2706
3663
777
3427
1429
952
4450
1500
4134
758
4526
2958
115
3062
2242
2481
4154
3047
539
3938
2224
1251
4658
1430
192
1929
757
3593
3927
1818
835
3351
2755
985
897
2374
1457
800
93
2233
4388
1383
1717
3861
4820
3794
1412
3400
1892
1942
663
3276
2295
4037
3031
542
4025
1231
2962
3563
511
970
447
4776
1861
4207
4137
2528
649
513
3386
4486
4360
2372
437
4679
4253
2519
4051
3274
122
4664
4039
2671
3116
2346
4742
3523
1872
3237
1913
4075
1392
831
34
1143
3477
195
586
95
4478
2158
3488
3824
2807
409
869
456
1009
844
4242
1361
3742
1725
963
2353
4233
1466
4396
3349
4324
2573
321
2726
4570
1178
4412
4361
3843
4549
2821
3737
3409
2022
2982
3749
2179
1596
860
2731
3844
1682
2210
2610
448
4602
4693
197
4794
4192
4411
3823
3316
4303
1526
4283
4169
2873
1331
265
809
1735
3487
1523
3954
2349
2415
4561
1811
4105
683
3210
1645
435
2277
1339
4621
4513
2460
57
2445
2811
2662
2608
2392
2202
829
4762
3401
2647
219
747
3620
1222
2629
126
3484
1168
2972
3294
1785
4975
1859
54
4080
4940
3169
4985
1268
3855
2134
1150
2274
3525
1878
4649
3623
1719
2783
2752
2845
3607
4715
2381
4215
811
282
2068
4147
1854
548
372
591
417
3010
405
4203
3977
2677
3550
610
4654
4231
3228
2680
4456
2552
2190
951
2057
4919
4504
4424
1255
2740
4467
4353
948
4219
4151
2480
2063
4136
706
1460
3605
2729
1147
4188
1470
295
1754
556
2044
2203
2877
271
942
1726
3539
3830
4606
103
1672
1260
4013
368
63
3060
4712
1731
500
3155
4982
2576
1720
1897
3373
3617
450
4913
2370
4453
1058
4678
1981
1267
2628
2698
3100
1843
2835
864
3045
4006
3716
571
4135
1108
176
3037
1494
2363
3492
3101
3121
1327
3102
3087
1678
4581
2833
1887
454
1945
1948
630
4805
4760
659
383
4893
4210
2373
3011
4123
4972
1136
4087
4759
646
1651
3423
3367
4938
2553
2154
4852
3917
2064
1976
2417
854
3625
1098
2340
161
2887
1915
962
4755
3454
1077
1751
3490
1212
4437
2879
2020
566
3764
4477
1244
1862
4069
2617
711
3642
1280
1047
702
1287
2616
4995
4094
4234
1353
2542
3646
4677
4378
1428
4673
1413
99
632
2088
4122
149
2605
1346
4049
3404
4108
1238
858
4495
159
3532
4816
212
2267
2219
3052
4350
4428
4876
3967
1702
3059
1140
3250
2411
1697
1237
426
1792
3417
2073
2675
3501
1744
4643
2863
4464
4007
3577
2517
3322
4090
1555
2829
913
4093
374
4131
1521
4
1533
4647
2793
2482
2817
622
3216
3043
2035
4085
919
3867
1205
510
3993
389
4735
1610
4235
100
1920
411
4743
3493
4127
341
132
1208
755
1828
1944
930
3544
894
2278
2554
439
1476
3069
3910
1579
3196
4719
1263
2749
2414
3888
3246
1414
3485
4257
1609
3277
2751
4590
1989
3780
953
606
856
984
4580
3286
1774
1254
328
1445
769
4707
944
2117
3151
107
2953
1316
2459
3682
1670
1718
2172
4951
1675
2701
3150
3063
726
3969
480
4567
28
2909
4879
656
3548
3543
3438
4936
3071
3268
3710
3353
3558
3333
1721
1139
1816
2648
171
2186
3305
2124
4352
2082
743
818
626
2900
4340
4535
194
3674
3904
2626
2163
160
2926
2707
4622
887
3935
762
1912
4335
3785
382
3937
4691
4268
2146
251
4562
4001
634
4097
4299
1375
3465
151
233
1325
2080
4583
4741
2770
699
1540
4270
4155
4530
238
1417
2865
434
1242
3340
4391
543
2889
1757
1592
279
3527
3751
2502
3921
4339
3884
2582
1100
313
3549
4884
428
3358
4525
4385
3398
2636
4354
991
487
824
3004
3154
2357
3715
1845
231
3114
4417
1987
3329
319
4764
2156
1141
4671
3521
1471
220
97
2683
2512
3381
2776
297
3503
801
1809
774
2120
978
1290
640
1480
3470
250
342
3439
2663
4481
4790
1079
2350
458
494
1318
90
3758
3233
2194
4298
3392
1956
4631
2188
1431
1377
3339
215
49
865
3586
1958
4073
1461
2465
136
1333
4966
1425
608
4173
11
67
402
537
1501
2141
979
325
4472
4017
2059
4563
2810
283
4236
974
3602
1513
1113
2385
2441
193
1440
1855
2029
2206
2339
1712
3476
2122
1647
2511
1646
518
438
3802
2595
1277
1874
4918
3075
3243
4572
2545
2235
832
196
4781
3693
4146
2061
764
3656
3695
2672
58
3495
316
4611
839
308
2990
966
4834
332
1654
3883
4071
1606
4864
2418
3650
3637
1997
2627
684
1404
207
1612
3215
2175
399
2341
2569
3970
3113
20
459
4074
889
1824
1810
992
3766
1507
4120
2603
3365
3624
4474
391
4521
3734
3862
1529
4710
87
1468
4213
3947
4690
3956
3905
3195
679
2223
1994
2330
165
3140
1831
1275
813
471
2912
3567
2895
806
4338
4796
1474
1225
1748
4497
3555
4942
4783
3858
146
581
466
2318
3344
1729
3805
3797
994
3833
2930
4128
3815
1743
1477
686
4716
3091
360
2871
1745
2791
1257
91
1336
2666
4666
4886
3334
1952
879
254
4871
662
1063
2434
3769
1782
4701
1402
1345
1091
1075
2987
185
363
2631
958
4297
4115
4537
1591
2808
3449
4400
1600
497
465
3651
3425
1505
3111
2579
217
2676
2792
3820
783
3252
4382
2536
318
4930
2670
3690
1356
2244
3616
804
61
2867
4669
2943
2854
3109
503
1775
4859
3996
2686
2248
739
1082
558
4197
404
1972
1060
842
3085
1856
2336
3005
2167
3576
1536
562
1245
385
2685
3545
2998
2138
3597
3272
4451
565
3051
4717
3875
1022
1671
3733
4721
1802
2453
779
3289
1256
3829
3061
710
1330
954
4845
3628
1376
3688
3834
2403
2305
1639
1435
3662
3170
2437
4532
688
2183
988
1558
1515
2070
2931
597
544
2777
2205
102
3571
1990
3442
355
2898
4484
523
4657
204
403
1527
1092
1959
3253
1625
1569
3581
759
4110
4296
3939
4106
807
224
2191
482
621
1341
1411
933
208
2543
1904
2818
4279
280
643
138
1233
2470
2085
1469
2942
4475
340
2555
3856
3429
2655
1799
1279
2368
4362
3178
678
3726
717
727
784
3746
2402
2072
1819
3963
4547
376
1464
1410
2247
2644
3197
2322
1820
4035
4682
909
1074
51
3594
2214
4153
2077
3748
2973
2131
495
907
425
4171
4468
4558
2993
1870
1084
2492
3093
4416
1883
645
4511
2148
4095
2047
3951
78
696
4807
3065
2679
3086
1135
4205
1889
1115
4642
2923
1685
311
1593
198
2335
27
1160
4237
791
1771
23
1351
1848
440
4912
2767
4651
4012
150
2952
3899
2289
4694
4204
2215
3971
2499
2014
4829
1442
4227
3099
1714
4900
3775
2834
4644
4899
721
2557
2293
2716
2872
1436
2721
2564
2398
4545
3627
3496
2559
3217
3804
2011
989
4166
2495
4827
35
1123
4793
2798
2572
1107
2089
1618
14
4160
3879
2251
4565
3908
506
2583
1890
4846
110
2853
4596
2263
1224
2045
3090
3689
3923
4767
3585
4005
3271
362
2284
3591
4870
4282
4393
307
38
1747
1730
2157
4265
3407
1643
4932
2449
1342
3763
3126
639
2127
4612
350
1784
3193
1405
266
4307
1761
3945
3458
3204
1588
4625
3371
3056
2761
828
1052
3871
4429
714
4582
3870
3315
396
1838
2126
3247
1301
938
1444
808
473
2861
4898
547
1742
3327
3719
1946
617
3119
2693
4856
3328
532
2165
1003
4761
1658
2228
1763
3632
4577
3796
851
2440
1728
3396
1991
816
3070
24
4838
4963
993
3514
1736
3720
4314
1294
3163
3606
3355
2977
1252
3697
1305
4266
2764
4427
1051
155
253
3645
3531
4961
4946
2901
294
3265
3618
3772
3402
3986
599
4020
2384
2566
2619
4217
3740
2279
3973
4597
2945
4882
3421
2238
2974
776
4014
2306
3239
3995
461
4546
2185
4914
1241
289
1800
1739
258
501
3241
499
467
2524
4959
4277
3672
4833
4409
891
2416
3301
2093
2389
3397
3853
1746
3974
3732
3666
4330
561
29
655
2781
1085
3590
134
4289
3876
3078
3281
874
3337
1125
190
794
2970
481
4534
1240
4814
2910
3220
1841
476
3323
1221
4191
4251
4765
2623
4040
1389
4487
4779
1903
3234
1152
4939
4810
1434
4595
4509
4187
2905
3866
568
1532
2859
1738
3180
4244
3500
950
2948
148
2270
3838
2814
3463
180
4890
1582
2688
3685
583
1704
1624
206
416
3846
2656
2744
3907
4490
1980
2325
3372
1010
4623
2979
1119
619
795
1451
3536
4190
2282
778
1273
1462
2702
3008
89
4002
4813
1390
4418
330
902
827
2601
2763
335
2869
637
2377
1544
4392
3976
1080
3828
2963
4086
3298
3922
3022
2321
3508
4999
3282
4259
1979
4538
4733
833
4077
3405
1132
3018
1706
79
4092
493
2319
4748
3258
3760
3107
3118
2667
2944
1637
1311
1982
3584
2589
2159
13
4260
1850
2695
1684
2805
1059
660
1360
2687
4209
1491
4221
3356
4349
866
244
3236
3391
2991
2105
3081
3014
1601
1209
2369
3518
2400
2003
1964
822
352
2066
4469
4156
2467
4921
1664
4605
609
1846
1292
733
653
814
2217
4185
2021
2797
4877
491
2966
4650
4332
3579
329
4430
578
2425
3472
4527
4967
4573
41
631
4812
4082
3881
1634
483
2673
2530
650
4750
1885
1801
803
3017
4550
1753
1475
394
1201
393
4555
1388
943
567
1283
3965
771
3048
3007
1616
2914
3614
3160
885
4222
1061
2458
4685
2587
524
908
4615
4248
4541
4312
3909
2508
3482
4600
2604
2153
1537
183
4524
3026
2198
3588
436
1604
3592
2846
4370
2351
3819
2435
1700
3491
654
1196
3924
1116
1463
4492
4774
129
1314
2529
3600
2971
4841
545
210
4731
4708
2010
2892
472
1188
261
2709
4480
2121
522
2178
338
1171
1683
4703
2986
3468
2565
585
3390
3009
1584
1203
3038
4976
2426
1185
4048
707
3036
2288
2758
3895
2581
1340
1939
4903
4408
364
4629
3880
4751
3574
4489
722
3280
3260
2354
1118
1078
2639
2147
4744
2544
1502
4569
2780
932
2985
3705
3269
1906
2137
986
275
444
3680
1485
53
775
4178
3275
2486
2722
1970
189
635
3562
2806
877
3368
3926
2690
1315
3229
334
1951
3139
3130
4989
218
4343
2466
1750
2514
3665
4552
1960
1642
627
4403
4038
2625
4272
3890
671
1497
4551
3499
1829
2949
2042
4819
3573
377
3700
181
3898
2015
4888
3731
2317
3511
4502
1583
2606
4212
422
895
3670
379
1909
536
3644
4263
1394
959
1032
1686
4517
162
2312
2432
1358
2000
326
2176
3684
2732
4837
3712
397
2597
4705
1759
1040
4592
1167
3420
1099
2747
3988
2451
4901
50
3279
3887
130
843
1049
1299
1216
2332
2164
2286
2935
2612
3168
4195
2630
2475
3925
1780
4321
1183
1371
2724
3673
3811
2376
680
2380
4285
2109
255
1847
3171
3410
3803
920
1825
2735
2452
2201
3238
446
201
3148
3270
2086
756
1538
4818
270
1927
1187
3510
593
4138
2795
2804
2750
3433
2297
2704
1
1378
623
3791
2323
2444
3703
534
751
4232
1495
1764
750
615
1576
3799
3347
2352
4496
2427
2378
2562
1630
3147
3736
424
4196
2094
3648
3980
339
2046
3669
3972
1561
2337
4425
4680
3960
322
1395
4746
4224
4778
3535
1778
164
4033
184
1517
810
3640
1332
191
1607
4636
2703
4935
2637
2483
1548
167
734
519
4308
4628
926
1967
4471
3135
4775
3566
604
2232
838
1117
1069
2592
2997
4766
4368
2359
4689
4853
1106
3464
3940
127
2485
906
3452
3418
1768
850
1097
1142
955
1162
2546
4697
2320
2496
921
3138
1282
3025
2803
1986
2304
1031
3497
3066
719
4066
3306
4607
4301
202
4885
3911
2933
4023
1924
2946
691
998
1776
4850
4634
1407
788
2419
863
214
4322
43
1791
4294
2939
4675
252
4292
3817
4996
3408
2822
4608
620
2851
3537
4896
3942
4384
3686
1449
937
2649
1868
2916
1088
4386
3300
2273
1005
175
4460
2757
3330
1297
1692
2756
3435
628
505
3122
3595
4752
1509
4610
2329
4934
2754
292
2132
4911
3267
3784
1621
1278
1734
4202
3483
4216
1184
303
4802
4613
4711
3446
2697
2700
590
42
455
3649
3307
1247
3049
3406
945
3431
4539
3104
4709
819
4262
4695
3297
2355
273
4660
3021
2526
4579
3156
1246
3302
3206
4652
1285
3874
4256
3633
4157
3481
2096
106
559
4571
1705
1021
1635
125
387
1899
2439
4826
1943
1220
421
3134
2112
2917
2255
3460
3320
672
1322
2657
2830
4922
4000
1029
4390
423
3657
2090
2586
1274
4118
147
1363
5000
3647
2213
898
3015
4369
821
4929
1573
1083
924
2894
4632
4436
142
703
960
2737
2588
4624
4788
3943
2827
2362
348
4363
3864
1127
3020
2065
1479
1419
3681
1472
1144
4842
4027
4291
4458
3735
4560
1352
2162
670
687
2026
1830
4981
4510
4099
676
4167
17
4823
2891
692
3223
2638
1772
2184
2913
1134
4676
956
4161
2468
3767
910
1574
96
366
1096
1004
1510
359
213
1447
3729
3002
2036
345
3865
4076
2472
123
3556
3552
514
3739
4239
3399
3221
457
4444
3393
4199
881
638
2488
3702
2348
2477
4994
787
4520
2934
1033
700
2983
4557
4355
2474
3133
62
248
4208
3259
343
918
2513
1053
3522
2237
83
987
3388
1737
4803
1465
2310
1230
3284
3708
3773
4102
642
3261
1755
470
1149
263
3255
384
1281
370
1223
2654
1985
4247
3676
4008
3560
4868
2259
4874
1362
2487
1218
1628
3318
2880
3251
2893
1334
3789
517
2538
3894
1380
1264
4230
4142
4847
2759
4598
4786
4732
3224
344
693
2226
3173
1894
4824
4305
3149
1895
4415
4969
1300
4906
177
4009
3825
4325
3264
3878
4700
320
4830
4238
3161
3916
284
1539
2681
290
1950
1798
4519
298
2118
1653
3213
846
1324
4639
3096
1779
3505
1396
905
2199
3542
2027
3354
589
1114
4865
3889
4749
594
1227
4172
2712
1329
2660
1169
4331
3153
1181
2874
2922
1659
2108
1102
4018
2334
3106
1019
2129
681
3136
3440
3428
1640
612
1037
4937
226
652
2187
4512
2691
2882
2837
4346
4348
2936
4182
1781
4345
1733
2002
2160
549
2848
2041
2212
4578
4126
3852
3174
3084
4498
605
1272
3384
2221
1180
1423
2098
553
4926
1940
3352
468
2964
52
4831
1888
1597
1328
613
2728
871
2501
4849
1493
2031
4463
1723
3565
1359
1427
1559
596
3604
1406
4364
47
173
2684
4714
1323
817
2430
3257
2932
1418
2054
4640
1374
1344
3343
4908
3201
1936
156
3357
4254
520
223
3850
3683
4240
1795
1698
1665
4862
4848
2457
587
4904
3978
2053
4667
2590
4326
2009
4753
143
3783
388
4116
2324
729
3273
4770
1200
2771
2145
3445
4186
1614
2139
2699
3278
1662
3083
2298
1605
3547
3529
2585
1438
1130
1858
1707
4945
3183
4544
4377
3076
3730
442
2694
3827
291
3175
3288
2760
3290
4620
1198
3918
44
3698
2540
4271
4947
502
557
2839
4653
3057
4313
1941
1014
3374
741
3310
1133
1035
3403
3985
770
4506
71
1448
903
144
2710
2309
961
2462
1055
2843
1482
3984
3936
2069
648
2772
3475
1439
1649
2611
3380
1122
4672
2561
239
1056
2975
2024
4522
3030
830
4983
4984
4559
324
4585
1667
1699
1629
3979
1467
685
4119
2765
1864
3432
504
1504
2292
1930
3776
2174
1057
2200
3538
4668
4574
3105
1506
55
1812
1902
4274
3125
1826
1788
2230
4806
4055
2632
1366
229
934
4958
1453
4089
1016
4728
1111
3968
2447
2493
1129
2659
66
1866
4872
390
1688
2584
949
528
1758
1041
4954
1623
4125
3165
1578
2816
3896
2840
1648
2404
2125
3326
3931
1999
1701
1138
354
4031
4540
3724
914
3561
598
4542
2177
3885
1081
1228
3471
546
786
823
957
4782
3981
3754
4702
3568
3209
530
1481
152
4916
1190
2941
2150
1590
3123
1650
1652
2266
2634
2264
2456
445
1173
701
205
2290
588
4815
521
1239
535
805
230
3461
3186
4832
2142
4488
4152
3189
2878
725
4100
3176
3848
1042
85
310
4758
3795
1676
1039
4112
1090
1486
4003
3679
4304
3655
782
582
1514
4861
1787
3377
72
3821
1416
3459
1148
2454
2111
4655
2533
413
369
4528
1880
980
1437
260
2239
2450
1420
5
1680
3422
3312
4201
3366
603
2095
1269
1916
3200
1211
4374
346
555
1186
3839
4140
1875
31
941
2075
4943
4079
4706
4034
740
1842
3626
4633
3919
929
3299
2087
4273
2343
492
4423
4062
3024
2664
2918
3541
928
4193
1348
3194
629
1756
1613
3813
975
4881
1835
4028
2885
4041
1696
498
3515
3311
2358
4603
4359
2271
3944
1575
1372
1007
730
2823
3722
3961
4245
3185
4948
141
395
4246
1131
2268
3788
4149
2180
2857
4250
4630
414
293
2838
1347
4414
2507
4941
915
1821
3959
3338
2938
2615
4931
211
695
1161
200
460
3115
3725
3629
2169
1996
1547
315
2527
4956
742
2790
1690
837
2856
3466
3553
736
746
3982
3182
2613
3517
412
1550
712
2959
285
3285
554
3342
2915
947
1370
1560
4855
1176
3534
780
1518
3152
1177
1873
768
4327
4688
3583
4980
4665
3266
4341
84
243
4170
2920
2428
3467
7
2969
1321
2243
3897
2842
1790
3188
1631
3064
4586
3248
178
2812
1839
4924
1298
4407
4516
2030
2365
4614
4687
3415
601
4661
1030
2643
1947
3893
33
4892
1552
1354
3041
3124
2864
3379
4406
1567
1308
4445
2908
1814
3692
70
3694
3953
3781
168
3067
4081
2110
304
849
576
3997
2173
3346
1484
1276
1199
3296
570
1455
4290
2635
2578
3044
1963
1172
80
1166
1773
1922
124
2600
433
624
4148
2433
3929
3949
745
2116
3915
2408
3177
2522
2954
3129
2464
2875
1452
2774
153
848
274
4465
3293
2503
999
1304
2269
4726
2241
3319
3164
4214
4566
474
972
4220
3001
2809
2050
3456
4319
2928
3706
2921
3958
2208
1498
4917
1309
3073
3914
4347
174
3027
2249
2275
1741
4454
25
4130
2012
1893
3603
2665
3132
1337
1844
3412
2240
4763
3203
3741
4258
2967
1710
3448
2062
2308
2043
3770
4971
3072
1655
1910
1210
4780
2409
1426
172
4646
1687
550
3564
3013
3202
1905
1206
1926
3455
1234
1076
1833
3526
1805
3806
2596
2209
98
3762
3859
3841
867
3212
4432
677
1519
1454
996
2397
4491
3283
4050
3469
574
515
1385
2128
3360
2058
3611
1724
1740
3079
1871
1034
4381
2316
249
3291
4801
3430
4997
2994
3098
4405
3187
1110
268
3058
4564
892
4387
4311
1262
1432
2960
301
4056
3913
4681
4809
1689
140
1556
3256
527
2092
2739
4113
464
737
2253
3812
2168
1580
1023
584
4699
4902
3854
3303
2980
2773
3950
4376
3167
2473
2388
3768
2641
4375
4121
401
3832
3226
976
3955
2888
1373
896
4333
1027
4280
2287
2828
2410
4019
2431
1120
1528
3335
563
3948
4518
551
2521
4740
4768
1024
2037
1213
3840
1338
2182
754
675
4638
1869
3513
2476
2896
857
2220
1387
186
4955
2847
1350
4084
4060
1217
509
323
1695
1807
2815
4844
3376
2469
16
4394
1522
2393
2858
1015
4435
2786
4730
3727
2723
2207
3696
427
1641
4987
802
1393
4058
882
981
1109
2367
2333
1749
2079
3142
3744
674
2787
4053
1415
60
708
4044
179
1038
3321
3378
4226
2049
893
765
241
3756
2250
3601
4923
3146
2523
4601
81
2391
2074
3437
4334
3097
1955
1126
4704
1549
2743
116
1852
4426
651
789
3441
1202
1644
575
3473
4310
1633
2489
673
3304
2254
3117
4927
4635
30
4057
2406
1235
2995
1001
4473
4928
86
1691
1668
4439
1977
4047
3528
2860
3480
1563
4098
516
2607
3964
3231
3580
1681
3957
538
2769
2674
870
983
2992
2819
1236
3990
4276
2762
4875
1879
1284
2577
4398
4619
418
3385
540
3831
1070
3701
1020
3596
371
3208
1968
1585
1433
2004
3424
113
564
2598
333
2738
625
452
408
704
2548
4255
1151
1853
1827
973
2881
3559
1732
1619
2547
3900
2961
3906
2862
694
111
1071
4920
485
572
2028
2689
3687
264
4158
1121
2907
1089
1722
2491
4176
490
4389
4575
2443
3389
3713
3902
4822
1068
2375
633
3331
4357
1459
2490
1974
1973
3941
796
644
4907
486
3032
1546
2344
3757
242
1398
4953
1270
3249
890
3162
2083
3587
4021
793
4320
4485
876
785
1622
3658
3869
2471
884
4507
3128
4777
2155
1408
441
1901
2448
1632
36
3808
4228
3654
3786
4792
1313
2650
3546
2622
4016
1530
4965
1760
3094
2504
3661
4854
1703
761
2395
3131
3822
2984
415
2537
4183
1669
2311
1357
3080
2056
1638
4482
1938
4817
2104
1193
1064
4101
1335
3214
2494
449
1204
3145
2633
2782
1993
4410
4269
1577
4181
4329
262
861
3292
300
2407
1796
2017
4991
3747
4309
4139
3778
1490
3414
3849
4799
1716
3345
3530
1937
2115
3753
1018
2778
2006
1192
4029
1608
1934
2599
3364
2593
3179
1886
3453
4015
3028
4278
569
697
2899
1765
2535
3551
430
4722
3127
2927
1295
3050
4218
529
4500
1531
2618
3336
4068
4543
1898
3779
1602
4229
636
2640
1369
2788
4548
1163
4789
4371
1104
4383
1636
3987
3609
3457
4189
2775
3110
4909
4897
3426
799
1931
4004
4769
4223
4380
1195
3621
1954
2136
92
145
4713
2144
4109
158
1112
1367
657
508
2078
825
3230
3738
2796
1595
477
1877
602
965
2661
1673
1975
4145
4754
1769
4043
4970
3798
2505
4373
4177
1661
4869
1215
531
94
2327
1541
698
1834
373
2211
4925
1036
2876
1250
4129
4457
1949
64
1998
1189
2256
4594
3752
964
2383
4198
188
2140
4576
840
2516
878
3818
1925
3512
3635
1627
1896
3903
815
4949
3641
1715
3095
3761
2785
797
2455
69
2696
336
4533
462
1708
4179
4434
4163
259
2911
1312
2025
3589
48
4944
2708
1271
665
886
4988
2262
607
969
1400
2280
4894
4637
257
2396
507
4367
526
32
580
668
1207
4977
1145
1384
451
2652
4323
820
2048
4828
1777
4692
2328
1564
4072
26
2580
4599
760
1511
349
4366
1403
872
1525