188
364
38
844
707
318
953
135
604
410
947
801
760
230
351
354
834
776
431
189
617
719
824
809
7
205
537
572
639
964
417
967
191
172
928
220
120
427
625
411
914
21
35
12
310
184
75
767
972
443
522
349
155
698
282
779
450
26
468
108
441
733
808
57
231
975
856
359
636
293
274
692
185
631
703
859
974
18
307
609
786
726
535
663
202
223
394
316
697
797
937
585
73
507
678
879
713
539
642
627
117
409
437
490
242
802
651
969
138
71
949
58
602
777
91
737
531
53
164
142
630
850
216
870
90
619
161
700
748
146
219
196
111
803
124
753
86
494
193
126
567
249
962
190
919
277
483
94
46
173
297
132
89
676
959
601
931
706
405
418
243
984
899
25
683
621
576
830
596
951
788
573
355
258
426
657
751
504
238
971
304
420
742
900
473
227
157
924
566
325
280
49
717
80
772
860
502
581
565
799
637
659
23
478
358
40
123
894
428
11
376
345
614
234
3
503
287
61
658
982
633
691
352
977
805
905
454
414
171
582
979
32
725
235
686
34
580
795
334
607
336
857
271
210
399
166
736
847
311
162
988
401
339
789
27
812
458
556
192
134
868
207
807
823
474
586
667
496
970
214
36
997
470
372
148
121
991
665
764
662
390
664
813
606
465
391
361
826
608
745
790
466
96
832
989
203
329
679
995
442
893
769
348
388
945
880
369
285
60
330
757
992
762
815
595
976
923
577
515
904
712
773
209
371
672
459
324
941
804
471
429
270
366
95
952
446
935
752
875
82
398
895
652
400
917
278
560
513
677
244
432
30
521
973
16
187
55
269
929
2
283
256
163
709
136
290
588
275
754
839
570
523
122
317
800
957
92
546
505
383
990
181
819
771
913
817
451
915
485
958
645
778
402
221
682
489
211
436
510
48
872
668
344
920
322
782
484
538
836
239
670
438
705
532
520
936
498
241
98
783
288
107
382
509
433
656
195
312
791
955
629
653
326
852
178
681
279
727
673
460
854
557
558
798
775
323
884
143
842
228
649
421
1
887
650
340
996
321
395
404
15
806
715
942
272
299
616
506
97
542
721
456
903
863
763
416
710
28
140
814
119
624
747
554
648
889
781
103
993
486
552
47
386
45
144
17
626
628
93
886
589
511
384
115
177
966
407
680
578
375
246
685
579
960
423
553
261
968
151
152
180
488
654
226
848
810
1000
467
770
613
998
497
250
328
525
257
385
10
105
610
393
237
911
867
248
387
296
701
106
755
530
551
14
666
129
62
605
252
930
910
845
199
909
83
584
843
245
381
528
547
738
669
978
176
508
618
934
42
79
229
434
335
455
377
927
784
739
851
292
792
343
818
479
482
615
319
516
213
174
233
888
160
536
898
6
222
855
415
891
890
52
218
671
828
684
765
300
620
740
367
298
593
699
829
109
51
902
445
153
263
768
704
64
29
251
408
612
44
41
70
948
841
320
963
472
145
306
301
943
240
102
268
303
116
838
864
378
149
647
500
419
501
346
883
526
550
640
835
448
730
950
980
590
168
897
597
440
247
313
638
266
215
412
568
534
548
125
646
592
137
575
439
476
37
262
758
861
517
368
694
39
661
201
430
150
787
461
674
865
295
24
225
906
981
660
332
495
965
946
994
254
821
77
33
491
940
357
687
337
598
379
527
702
569
464
397
457
866
718
986
541
8
131
281
487
543
104
4
341
76
925
165
714
711
112
422
356
139
365
999
449
720
641
114
744
749
858
264
533
308
74
118
840
871
253
481
159
876
643
853
743
734
13
901
938
347
766
284
603
156
492
217
259
113
374
22
926
827
380
873
555
922
276
480
463
908
406
961
128
305
675
50
761
198
435
831
933
179
746
154
583
392
453
5
78
878
175
623
724
956
822
130
634
693
197
424
549
877
540
363
167
869
294
493
327
200
69
370
158
353
72
954
574
794
469
939
564
862
716
571
286
342
916
688
204
611
921
545
756
212
987
514
67
314
896
475
562
499
529
9
59
587
594
19
635
524
182
820
944
882
655
519
20
750
265
907
273
63
825
774
881
690
333
729
759
141
731
728
741
477
600
389
983
723
544
315
110
892
208
622
291
833
780
918
932
696
849
170
101
255
462
885
362
425
56
87
816
99
302
735
169
561
43
373
413
84
591
793
447
689
260
360
563
708
100
632
695
68
444
85
452
31
183
785
796
732
599
309
54
837
403
518
232
81
874
350
722
331
912
88
186
846
289
65
236
267
512
133
194
985
206
396
338
224
644
127
811
66
147
559