SORTING RESULTS

Author: Addison Sears-Collins
----------------

-----------------------
Original Input
-----------------------
44
42
46
31
12
30
11
23
45
28
29
9
35
34
13
41
50
16
19
32
39
21
18
33
15
3
40
22
36
6
10
1
49
37
48
7
2
43
5
26
14
38
47
24
20
27
25
4
8
17

-----------------------
Shellsort Knuth Sorted List
-----------------------
1
2
3
4
5
6
7
8
9
10
11
12
13
14
15
16
17
18
19
20
21
22
23
24
25
26
27
28
29
30
31
32
33
34
35
36
37
38
39
40
41
42
43
44
45
46
47
48
49
50

-----------------------
Shellsort 2 Sorted List
-----------------------
1
2
3
4
5
6
7
8
9
10
11
12
13
14
15
16
17
18
19
20
21
22
23
24
25
26
27
28
29
30
31
32
33
34
35
36
37
38
39
40
41
42
43
44
45
46
47
48
49
50

-----------------------
Shellsort 3 Sorted List
-----------------------
1
2
3
4
5
6
7
8
9
10
11
12
13
14
15
16
17
18
19
20
21
22
23
24
25
26
27
28
29
30
31
32
33
34
35
36
37
38
39
40
41
42
43
44
45
46
47
48
49
50

-----------------------
Shellsort 4 Sorted List
-----------------------
1
2
3
4
5
6
7
8
9
10
11
12
13
14
15
16
17
18
19
20
21
22
23
24
25
26
27
28
29
30
31
32
33
34
35
36
37
38
39
40
41
42
43
44
45
46
47
48
49
50

-----------------------
Shellsort 5 Sorted List
-----------------------
1
2
3
4
5
6
7
8
9
10
11
12
13
14
15
16
17
18
19
20
21
22
23
24
25
26
27
28
29
30
31
32
33
34
35
36
37
38
39
40
41
42
43
44
45
46
47
48
49
50

---------------
Heapsorted List
---------------
1
2
3
4
5
6
7
8
9
10
11
12
13
14
15
16
17
18
19
20
21
22
23
24
25
26
27
28
29
30
31
32
33
34
35
36
37
38
39
40
41
42
43
44
45
46
47
48
49
50

------------------------------
Straight Insertion Sorted List
------------------------------
1
2
3
4
5
6
7
8
9
10
11
12
13
14
15
16
17
18
19
20
21
22
23
24
25
26
27
28
29
30
31
32
33
34
35
36
37
38
39
40
41
42
43
44
45
46
47
48
49
50

----------------------------
Simple Selection Sorted List
----------------------------
1
2
3
4
5
6
7
8
9
10
11
12
13
14
15
16
17
18
19
20
21
22
23
24
25
26
27
28
29
30
31
32
33
34
35
36
37
38
39
40
41
42
43
44
45
46
47
48
49
50

----------------
Quicksorted List
----------------
1
2
3
4
5
6
7
8
9
10
11
12
13
14
15
16
17
18
19
20
21
22
23
24
25
26
27
28
29
30
31
32
33
34
35
36
37
38
39
40
41
42
43
44
45
46
47
48
49
50

------------------
Bubble Sorted List
------------------
1
2
3
4
5
6
7
8
9
10
11
12
13
14
15
16
17
18
19
20
21
22
23
24
25
26
27
28
29
30
31
32
33
34
35
36
37
38
39
40
41
42
43
44
45
46
47
48
49
50

----------------------------------------
TIME PERFORMANCE COMPARISON
----------------------------------------
Input: rand_50.txt
Output: rand_50_output.txt

Shellsort Knuth: 338 microseconds

Shellsort 2: 251 microseconds

Shellsort 3: 242 microseconds

Shellsort 4: 235 microseconds

Shellsort 5: 222 microseconds

Heapsort: 95 microseconds

Straight Insertion Sort: 78 microseconds

Simple Selection Sort: 106 microseconds

Quicksort: 81 microseconds

Bubble Sort: 177 microseconds