1258
8923
9488
4243
811
3772
3834
6892
6554
7019
533
8400
417
6899
9374
1467
4543
6036
5216
494
9768
7212
3207
5618
184
2876
1234
185
7657
4232
2972
3574
7461
683
2668
7152
3246
9089
865
9598
2161
7989
5143
9891
9376
4065
5232
9098
5746
3430
7434
8064
9822
5990
2436
3522
5518
78
1252
4738
6870
3362
3689
3601
1768
9181
8372
5452
7303
7740
9449
610
2720
3352
6006
4534
1815
8005
1049
381
9378
7420
22
6563
2773
5786
2390
2986
8405
5486
6144
7357
5941
6660
5866
2412
7615
5234
6806
1461
9356
4001
3508
2155
2645
8102
6684
504
9585
9143
2455
3617
4088
5387
2509
624
7100
7209
1455
7891
9838
9559
6289
7440
2852
215
7066
2836
3017
9809
7783
6808
9508
633
7745
776
2298
6630
9896
2601
4345
563
6059
3918
8605
6207
4999
6182
2853
3096
516
6275
2797
9034
7256
8418
8792
8118
8100
7607
6176
3062
7840
4905
2162
8574
1003
2673
4504
6226
1453
7042
7444
8581
6831
1827
701
9293
7426
5445
6777
1242
5378
6106
2401
8990
291
4817
3893
6028
6950
1488
6160
3262
361
8865
2937
1459
6675
4619
9084
9839
5511
7766
8282
5959
7611
5574
9907
5907
8085
7015
1220
7586
7572
6712
1889
2350
6170
6589
2361
5769
9688
6251
6517
754
1244
4075
4577
6618
3818
9320
6361
1222
5833
4730
680
8868
8677
2960
5985
4651
3382
3700
1494
2052
8394
6387
4623
6539
1069
8631
9662
1772
1001
6080
6922
6222
7391
9933
8853
3706
4704
2653
6994
6613
7895
5489
4880
8068
7763
2549
2527
9654
3447
1634
745
957
4853
6628
1393
190
2863
4654
9113
9424
1781
1746
7056
5517
9603
3264
589
4441
3737
4608
4059
8771
9728
4135
3733
9791
4558
4158
4852
8871
2588
616
188
8944
673
2693
4540
7544
2903
995
5840
8951
9095
6077
9342
896
2079
1688
6433
6027
8492
7702
8682
5461
3326
5650
1011
7658
6467
1358
8429
5185
1319
7652
6400
3332
5918
9620
1693
1692
3384
3988
9322
6929
3546
7949
2028
3861
7133
2741
6447
6537
5693
9679
1833
5289
2098
7013
7421
3232
25
3483
4502
1507
8689
6541
6281
5764
1426
6906
9028
2753
1309
2646
951
3567
8045
6701
9295
849
5271
6002
565
5493
3172
1339
7281
5333
285
9758
7863
1801
2689
8091
4668
9
4036
8566
2758
9655
7587
5313
1277
6722
3580
4117
5294
714
1824
9285
5451
1131
4309
2438
1576
3002
4641
2661
9712
7293
4989
4052
5168
6493
7227
2631
7598
7465
7377
8888
7894
8947
4932
8898
2103
5595
8382
255
7058
3098
3253
4930
6548
9214
4951
7196
7022
6871
4044
7345
535
4372
9153
3841
292
3660
8189
1363
382
3828
6223
2522
8629
1032
4542
4119
331
9432
7534
6327
3770
5290
581
2754
2544
9595
9283
5571
4249
4213
2413
7613
520
2292
5057
1447
2474
1450
7117
1044
3883
567
7360
2772
8014
5013
1554
2417
4786
1725
5181
8845
3503
9872
4874
5300
3554
8114
1344
4794
6632
5495
7036
6185
7742
7312
7963
5433
9862
5212
4481
4486
7195
6874
8046
2699
9523
9691
3121
5043
3434
6549
4943
5219
9083
4568
6082
5843
18
3906
186
7355
1113
5779
7014
9982
9194
8798
6299
5570
5420
1162
6418
9193
3563
2868
6161
3010
2089
8328
1946
5122
9423
217
7756
2180
7130
98
412
3827
2472
4464
8354
2822
5580
1575
9062
2405
6839
9553
7911
2994
1523
6743
8463
739
5282
840
4161
4524
668
9504
1341
5884
1347
7410
6885
7805
2107
6336
1308
5557
7351
11
9887
427
6683
9894
9716
930
9626
3730
6861
3280
8468
8975
8995
7178
1701
9402
7839
4546
1623
2803
9260
1704
7354
5044
717
5442
5082
6119
1900
5827
8268
3027
1657
6796
112
6477
3852
3879
259
8952
5568
6511
2094
3896
3235
9589
2877
4563
2964
1511
6671
992
9171
467
4266
3820
7595
5968
2306
5393
3351
6740
5655
1713
97
4477
7825
1712
1496
7407
5720
6729
4074
2353
8533
3853
6829
7252
1897
7913
8933
6865
1343
5640
6846
4990
4108
3468
6726
4
8802
984
3407
3576
5809
1930
7887
4425
2063
6746
275
7775
7511
6444
3420
2587
8896
6696
9755
4766
2572
5957
9565
1233
264
6038
5643
839
8647
7520
6570
3898
557
5155
6745
8378
6053
2171
9819
3328
6694
3786
4589
3047
2739
6201
2326
4775
8903
4030
9815
8849
1544
5154
6697
4484
1972
1381
5938
5613
6025
2122
3128
3187
1489
9463
3173
8485
972
8314
4551
1332
7744
6579
5301
4240
3090
9778
7565
5558
7350
639
1556
621
1967
1268
2265
1733
9962
8893
571
4085
9101
432
6186
7750
9246
5115
2808
4838
2411
3141
6224
6250
7847
9284
2526
4881
806
3211
1374
6858
3016
5320
2801
9206
4060
4516
8132
1391
4968
9207
529
2120
6009
8971
1205
2650
9324
2448
6042
6656
9345
2223
4582
8755
3164
4860
7315
4159
3213
851
9310
343
9570
1759
910
6491
3509
1564
9412
826
8432
7902
4132
9835
5890
5395
5885
2680
2256
4032
4262
767
9563
7179
3994
5520
2339
5724
5291
7083
139
320
1445
663
793
3290
8167
9145
4731
9998
785
7994
3545
6010
1366
117
8275
4533
121
7297
9674
1057
5911
9470
3346
2891
3095
4448
747
8012
8245
5670
222
3773
5953
6989
1490
8584
917
6102
2342
3119
5119
7287
5064
8081
9037
3572
3923
1098
4901
5141
3494
658
322
4169
54
4787
4523
5241
7706
3810
3937
8313
2150
3334
2335
6584
6935
2471
9437
5740
8070
9631
8433
1300
1584
8783
4659
7856
837
1580
6739
3897
1310
7875
5449
2796
5980
5359
6710
5351
5464
9697
3855
7768
6288
9797
9038
7801
586
1896
2356
5347
9817
5164
861
420
6492
8025
6490
1026
1409
700
8291
3167
8164
628
7313
1950
8460
6781
8294
6429
4545
5787
7855
8564
1330
8290
9192
689
5297
694
2980
3340
8505
6826
8956
7230
8438
885
9929
6000
69
805
4957
424
8969
6760
9155
3030
5794
1052
9792
9861
1163
9845
120
2953
9149
7144
3946
4737
5305
3149
2170
2328
845
2141
2652
8494
8324
7592
9614
1099
966
1182
2762
8452
9415
2133
6075
2393
42
6265
9947
4097
1197
5462
672
9287
7433
4851
549
7794
7308
4022
7672
1526
3636
3974
7497
8342
4393
4142
496
6973
2220
5673
900
6763
1241
2674
7593
8525
3658
9151
6995
8236
5991
9930
9796
175
7069
3612
4429
3079
1577
3110
6659
8470
7990
8407
6016
1263
8599
1047
6410
2435
2562
7659
7715
1728
5190
6833
4702
4128
7254
3805
955
5161
2737
4321
9863
3224
6273
7050
6640
9010
2286
1376
8764
174
6620
7263
9242
9723
5762
7738
5849
1757
921
3038
1385
4518
4466
9807
4536
4927
1072
6441
2489
9833
9986
1795
3832
8073
1468
2769
7034
5551
1737
4367
6956
1782
674
8940
6047
9744
1020
7317
5705
7693
5203
803
4054
3124
6271
5542
3450
5496
3904
8539
1533
1016
1335
3686
5286
10
5553
8753
7546
7514
876
7329
7620
2893
7006
1307
9926
2015
846
1851
3034
67
9902
9248
3182
4513
1600
168
4145
8284
8989
2537
7038
6341
9776
8619
5460
7131
5628
8113
3203
6654
8829
2926
2553
9543
8697
1988
3356
380
8270
5548
1484
4443
7996
5546
6713
9821
3435
7150
36
1206
9867
4607
2598
51
5921
6957
973
3665
7591
9978
9473
4276
2826
975
9964
5736
622
7640
5022
6650
3775
9455
8379
2040
9690
2833
301
947
7504
8620
7418
3734
5792
1888
8128
6411
3996
6691
8632
4517
4792
6518
1058
1677
6679
9706
593
1071
2340
9117
8207
2641
9092
2514
4909
9041
9125
2068
7976
770
4604
4976
6011
9357
1093
7523
985
9701
9005
1372
5156
1465
2507
9581
7197
8385
9403
3959
6206
2806
8536
5973
5332
8773
7318
9138
2898
688
4864
296
4877
9870
1482
9411
9054
9820
5112
4413
5509
7501
993
2178
2158
7675
7601
3543
7664
1432
3812
5895
3557
3132
2576
4172
8479
7413
7771
9021
8914
967
6150
4979
7008
8020
1929
238
9059
8986
7198
7268
1760
599
3360
3676
6967
9480
2679
4584
4974
2383
260
643
4250
1280
7330
8877
8506
315
2198
4488
6256
57
4841
1103
8136
7708
7466
5051
7138
5102
5357
5851
5147
2321
5188
2022
3606
400
5016
881
1758
3390
8089
5969
9702
1589
8883
7024
3629
6742
5386
4782
9360
499
2941
8495
1226
6930
9813
8226
1686
2108
5978
5456
3201
5176
9256
4018
9106
3709
7553
2406
3067
6514
5678
2002
1228
7934
27
8717
4271
1563
9764
7978
9897
6022
3006
9364
1847
965
7920
1249
7770
5023
8322
9211
3573
3950
7084
1621
2951
24
7684
2129
9586
7947
1497
404
4556
7505
9011
6503
3802
7667
9727
3310
5727
4529
3021
6531
5837
3955
9709
8318
2225
3108
2187
8353
3719
8049
3607
6220
8209
3117
5668
4370
3679
1948
7419
3293
1175
1944
660
715
2883
8609
7062
8991
5653
6322
9477
996
3197
6803
4417
9213
8836
6103
9321
9604
5812
4183
3718
6768
9244
3624
9999
5050
4402
295
817
2377
1915
3638
7352
3075
9133
2597
5993
3166
6023
9731
3986
1253
8162
5821
7491
1328
2440
35
9853
3599
949
1094
3071
1207
2051
6249
4355
5076
2253
2627
3085
3630
6356
1667
6085
5218
324
4882
5411
662
3216
3979
5759
5770
3807
4945
7203
2439
1398
2608
332
7798
9029
2935
2442
5295
7280
4267
2194
2774
591
1803
5524
6711
8694
8122
1813
6282
231
346
2097
8833
5039
5245
3489
3695
4049
2804
766
9683
3165
3498
5905
6173
8881
2520
9061
3001
5329
2894
4047
4336
263
7503
7099
3281
2791
6350
198
8158
5355
4166
4055
6830
4747
5403
6306
9444
4763
8701
8638
7921
1512
4421
2351
8741
9874
8180
7126
6086
463
9939
5590
9921
860
1638
5337
3940
7841
5441
7438
7560
9452
9073
2367
7339
644
7688
2998
3717
74
777
6083
705
3350
8655
4089
6795
8252
7728
6421
1324
9205
2659
1178
6506
4388
5844
9222
9266
6718
794
6018
2920
8286
4670
6442
8760
5127
4525
6934
3150
237
4933
8586
8746
3056
4248
6151
7480
1346
9613
398
4194
2329
9070
4992
990
3661
8639
366
2049
5773
257
1880
5567
6131
4796
9328
113
7382
5763
2706
8552
7336
3619
2968
7655
7540
10000
4170
8459
5902
8793
5876
736
2287
5497
2070
2387
9255
2824
9638
2233
1200
6530
6756
9063
4318
8965
7800
5780
7219
4572
9713
2076
863
2599
4273
4391
422
1947
2444
1543
2840
536
4093
7765
8225
614
3943
3184
4222
7490
4995
8450
4593
2899
7910
3605
3609
6486
7149
3451
8202
6893
2481
4878
1579
6912
2188
4446
667
3460
7498
4384
4560
6527
7192
1735
6293
9344
246
2469
9729
8542
6879
5612
9490
6117
2849
4723
8469
577
6247
3051
9591
6975
3872
3669
5084
7935
3177
9380
4174
3003
1783
8791
5418
8061
2715
448
3710
8654
3137
2784
8894
8728
9663
1161
8827
9763
9247
3602
899
349
7755
7541
2047
2034
6909
2787
1276
2930
8928
7557
5611
6633
2008
2775
6180
7515
4468
1066
1246
2828
6688
5144
7356
5690
232
8804
2038
4622
7774
2768
351
5054
9386
791
1978
4069
8092
323
8441
9443
7772
26
7482
6886
9165
2595
5113
4215
3956
626
1516
2195
2820
5992
6695
1130
8173
9064
5664
8532
3112
9725
7194
4746
8926
9462
1470
3530
4837
1722
1083
2854
3196
7005
6597
7776
6054
8634
9960
2632
7048
241
5045
6624
2848
4302
2908
3318
4895
2267
2763
3276
3889
6263
7232
7604
2042
7868
6156
5544
7712
9447
9547
7764
1282
478
3120
5285
1857
8713
6062
6269
9555
5502
7630
9210
2710
8878
572
2394
8977
2940
6133
7612
2777
3330
2683
2399
6859
2025
6050
8269
3713
8465
5276
8563
4313
2427
8750
9007
5065
7718
809
164
4591
1369
9573
8514
6782
2012
7671
4903
5214
9653
5328
5944
5662
4828
6435
6894
9093
5569
4776
4552
3354
2545
7269
8341
5864
9435
6484
9199
2913
3652
6635
8800
6319
8710
5007
3230
4757
6403
8420
2146
52
2067
1630
7723
7815
4661
2563
3035
5865
7645
991
8890
4483
4624
5860
4646
7188
8572
735
3358
4839
1386
266
4400
7157
1610
4006
418
3455
7159
5046
3585
4092
6797
5761
348
5101
5343
5256
9785
6821
6800
5854
7267
5820
3702
4847
2123
6448
216
5479
6612
6284
5287
2288
472
1063
3664
3291
2238
8084
2503
9406
8547
9818
6735
7506
8120
5302
4420
3441
7817
1622
128
5018
6346
2460
7125
2614
3577
7820
1924
2132
758
5593
7567
9429
9749
1661
1336
226
759
4869
5694
9478
515
588
5459
8799
8179
5248
5583
5061
5025
7485
1378
1353
7973
249
3388
8129
3971
1821
5723
2031
5776
958
111
4452
6603
9048
6353
9612
4867
5360
4130
8052
6725
2648
7885
5838
1837
9536
6867
9168
7467
7295
3767
9840
3461
4689
443
456
3471
3392
7394
7290
9550
1509
7780
3550
8435
4406
4793
1603
8350
1048
7429
9373
1002
3331
6320
122
7307
297
4019
6820
5091
6501
3298
6033
6547
2124
775
1199
28
9067
5107
3365
2511
1259
3277
4795
3268
308
5356
2433
6653
278
8456
511
7942
3829
813
4418
6313
7299
5250
9596
9854
6427
8247
9920
1961
7580
6483
4684
2358
7729
3279
7316
8177
2644
3720
2743
6582
8852
8030
8323
1153
4679
9774
9782
3911
497
5744
5375
8445
5638
4588
6927
9953
9554
3998
960
864
5062
3101
4889
8789
1380
757
5772
405
4770
3094
2492
9843
3594
5954
6420
1125
1499
8652
7233
8184
9529
9979
5171
449
5103
3397
7610
3429
7958
7023
4549
8529
5169
4539
2101
1955
1028
3294
1932
4160
4351
6396
2437
5680
2519
8211
5803
6454
4453
5745
5293
5040
7018
8695
2313
4436
5436
1059
136
3673
3301
9705
4592
2911
2369
3749
9385
2786
3735
7734
2095
4265
5896
4017
8815
9315
5728
6931
9384
8351
5830
7335
9730
468
6311
1075
4759
9201
228
7953
2465
6513
5777
911
5207
4854
7898
8425
2429
8232
9937
5688
9398
7276
7862
7803
2349
1822
2344
9303
4008
3349
3921
1530
1742
3540
802
9522
4342
2252
4872
6414
4095
3623
8230
7983
8352
3933
720
6841
9174
7026
5005
1413
2272
1885
4259
6625
4098
2283
3239
5191
5385
1918
1910
657
6665
9956
4431
3287
5055
2864
114
6875
4261
4343
2360
982
5367
8000
287
1566
7967
2819
6401
85
8224
4037
2919
4450
4680
9240
233
9077
5631
6162
4339
3345
795
6972
6402
5543
6889
99
4348
8489
9009
5894
2501
6109
2186
4244
9491
954
1618
4710
7500
125
1223
2694
6291
1786
4173
4894
8210
5606
8830
9811
6072
5501
7211
3299
1726
9354
8010
1902
4498
2285
629
7880
9263
3424
6809
4975
4958
8623
6881
5446
1849
2176
2504
6296
3158
9441
1039
428
4324
9392
9353
1240
5448
3193
9327
3292
2623
5797
9395
6419
5475
8335
9852
5893
9196
5575
732
6019
7536
7007
4330
728
8528
8557
7822
9134
5635
7366
1081
5523
5334
2088
2954
7156
6087
333
1990
493
8693
8558
8714
3018
6702
8846
3725
2961
4366
8140
4356
1156
6359
5233
489
632
3954
4024
5939
6913
7361
5682
2099
7074
3227
4789
5412
999
1974
3995
2542
7773
7606
3526
8024
6966
9859
8767
9640
9307
4917
8240
3343
7915
1682
879
4106
4618
1679
7600
6904
1471
7171
8076
2262
2610
2660
3444
9297
7324
4275
989
2944
9767
7897
789
8507
5209
526
8446
5835
6209
5534
8981
89
4143
2558
1901
5438
7819
7071
7199
5620
2245
2590
2259
3634
3825
5118
9390
3745
7185
2319
1848
1650
8349
905
3860
4115
9272
4023
8732
7651
6783
804
9607
5614
8413
9382
3870
7320
7784
3200
48
8851
2704
8953
2792
395
6013
3582
1711
5733
7167
2359
7483
5665
8642
9519
1867
4458
7999
4510
4349
3969
4147
9645
9996
2246
2721
2456
1604
1908
6040
9146
8264
3521
8825
2727
778
3900
7532
9632
8892
514
5210
5253
4020
5889
8857
7792
2184
6772
3077
5474
7191
3714
4660
6107
1613
5222
8617
3409
1716
2239
4122
7105
9633
7626
8238
1663
7033
6759
7222
5306
7102
4042
9677
8592
1545
7217
6850
9747
5816
6406
6964
5081
8331
2622
2712
8059
2591
8745
4216
4904
4672
5560
2078
6174
1773
5515
6370
5901
213
1456
9793
5644
1236
2314
4693
901
9388
2086
9420
3022
9711
1903
7968
1283
6194
9259
8835
1176
5754
5753
3670
7471
5019
9579
2357
7338
7155
1641
6911
2906
9965
8884
9419
330
8858
4000
5891
6323
8519
4835
2384
1791
3966
9375
7068
256
9948
9635
3643
8078
7788
4873
7231
7456
9312
8500
653
9178
994
5361
8669
8111
3663
9606
1117
3063
7848
7215
3653
6057
6432
3040
3726
2790
9888
2428
7119
2611
9685
8260
1390
2547
3987
9739
7347
8482
3228
1005
2783
968
9052
6455
8864
4140
502
4947
4013
2596
857
3705
3564
2698
1670
6365
1744
1388
124
6705
4629
8392
2232
2729
4430
4346
7530
6363
4409
5731
2325
3472
5704
7028
3265
3109
7804
5316
4449
4527
1875
6122
9644
6386
7988
2725
9509
5086
9590
7614
9927
2570
893
6399
1612
8481
9239
4163
1819
3013
7087
7777
3553
6067
2324
3007
7842
9671
1940
3741
4673
9535
8640
2421
6741
6434
7866
8927
6727
3881
7451
1423
4846
8589
6724
290
8633
7184
453
8097
484
3967
5377
3819
8099
37
9291
5621
401
1664
5755
4416
6305
1373
15
1043
8721
5848
6882
513
5883
4396
8569
7334
7975
1170
5936
1431
4206
4202
6262
6112
3744
5030
7310
8190
1987
6901
3319
8603
5617
5598
9721
7111
171
7687
342
6287
2145
4537
2917
7899
4297
4977
3595
7200
9918
7469
1202
7408
2802
4310
5540
9698
731
579
7205
5881
8023
1118
2829
5867
2271
925
5381
3558
8777
1420
1440
4112
8163
810
5001
4467
5410
8595
1062
3353
64
8968
7739
9951
1053
8813
4926
9556
5879
4515
4875
212
6114
6607
2975
5310
302
4785
9502
6297
3170
5602
8039
1695
7043
1364
9520
2366
2281
8610
4732
7363
4463
3249
5399
1029
1194
8467
8902
7474
2655
8131
6662
3790
4278
3159
7030
9313
2482
6747
5095
6379
6610
6030
3850
5380
2496
7172
1211
4955
7940
1430
6510
9567
7743
202
6785
2716
7353
5274
978
9622
5562
6545
4642
6202
4564
2938
6216
3136
9946
3097
5133
4811
4101
9461
2019
3469
4079
4201
3251
1953
4076
7163
2985
4569
2118
1812
2464
2807
9879
6948
7685
8763
5348
138
8041
6919
9479
4823
7387
8172
6005
5965
5279
1
6730
91
5850
7870
4177
6298
3683
5804
9316
5453
4268
2204
4969
4644
9506
7665
6528
7035
9824
743
6073
6810
5172
3729
2182
7827
1921
3939
5994
4705
2081
4102
9381
7624
6171
9229
3492
9177
6348
3697
487
4988
5519
871
2172
4631
854
4678
3707
4735
538
7637
6177
8501
5263
3848
8508
7730
208
4397
4681
8824
2263
4713
7716
2844
5042
1204
5700
5021
9161
8716
7341
33
9531
6755
153
9414
2718
7849
3229
9105
2039
2776
4666
3181
4104
2378
8776
90
9552
2177
4892
534
7602
3917
9400
6801
8381
7064
9475
2556
9498
8690
5545
6372
8
162
3632
2376
5500
6093
3569
3015
5473
3154
7714
4096
870
9648
2686
1219
5097
932
4113
9775
8917
4103
9136
1904
1626
8312
1922
4099
2466
8873
3746
5751
1859
4340
2916
1422
1962
8222
2971
4753
9257
3389
1678
8795
9875
3068
5730
6488
6426
3778
920
3694
519
9474
3945
75
4272
6583
5153
5178
2419
2061
8175
9338
7785
9072
1392
3531
7375
4148
3486
7
7417
903
3534
2517
8067
267
5658
7838
3513
7445
4317
3693
3728
9943
4237
6070
5073
20
9469
3711
1778
2280
7220
7012
4700
5566
7704
8781
7473
2821
6664
1993
5760
5369
1506
206
8724
4404
4708
7314
4210
5499
2301
8069
8723
6775
3983
7216
6941
1424
6357
6921
7371
1627
7174
562
9471
6788
3793
1196
8708
6389
9557
2785
5425
133
3542
360
3655
8854
9282
1023
3285
8337
4625
7660
1174
7896
5032
7681
3379
3851
3219
882
913
2278
3111
8737
6891
3104
458
7140
7850
3028
3866
1183
183
6358
625
5416
6268
3620
1214
9332
1483
2795
4912
1015
4993
5117
1291
1729
8267
7046
9526
3639
1750
8910
1027
8490
3777
4196
3258
2651
1498
6228
3371
5148
9898
3312
309
7666
9019
524
4530
1410
4154
676
7390
2228
1188
1111
8811
1806
4671
7289
3541
3465
7860
3271
848
2144
3751
4501
4149
9243
2983
3562
7045
9325
8950
6347
5240
7121
6108
1444
2697
6127
8707
2114
7676
1354
5354
1138
5092
3833
2057
1429
706
2080
1327
5180
8327
8571
1809
9114
6717
6020
8594
4306
8390
6860
3400
5951
4134
8687
3977
1061
3646
898
8911
2726
6599
7151
2963
8454
3142
891
6824
7810
8048
7808
9049
9459
2957
2969
3255
600
6172
2153
5468
7639
9836
7044
7452
1326
9941
786
6191
8478
8963
5069
7683
8624
6149
1730
6196
3383
6802
9732
8673
224
8220
5789
2316
2312
6852
9518
7661
4200
4084
2946
4553
2564
6259
4940
1092
8448
3449
7844
4390
9187
3882
2602
573
3708
9548
5437
3951
4045
8984
9258
9808
9993
4840
979
8684
4027
4718
3072
247
5538
5299
8027
9868
986
345
9234
7984
7180
4264
2927
9495
4335
12
1724
5757
7359
2476
6627
9299
8712
8112
5862
8117
5526
5106
7857
7631
2224
3439
2967
6953
1147
4587
5017
6479
8918
5955
1416
3242
8193
4744
2441
9493
8095
5324
6101
6240
3688
9988
8630
1399
1095
3436
82
782
7113
9302
1976
6049
3960
6857
2337
5374
4411
5766
7735
5656
8208
46
650
1382
9826
2430
8862
8887
2348
6643
5056
4813
4931
7189
8256
1478
6540
7187
4669
2705
6542
6655
971
5897
9885
4635
9482
5059
3087
9800
8770
5365
8365
2104
6398
2539
40
4636
824
2662
3920
4855
4040
4964
2001
5053
4923
1492
127
509
2708
3758
4876
5676
4703
8195
9236
2846
1971
1210
3370
602
5971
1251
3789
3677
7141
7846
1495
6944
6157
9197
2788
7223
5916
611
5813
5807
3266
7867
7362
945
6424
44
5686
2322
2196
1357
6762
5824
4107
4716
1480
92
7443
2374
7075
6301
1278
1463
5100
4414
2958
4304
1257
9489
5947
576
3935
3824
8234
8729
193
4475
1290
8168
5200
2896
1412
5104
2279
1547
4428
2345
9265
8134
6463
1389
7806
1375
5428
347
6243
981
16
1384
2126
4307
6045
3244
4997
9252
5599
6368
3445
9078
3991
7282
8516
9425
2241
7116
7628
5683
3100
1587
94
5363
9418
698
6241
6475
8395
1472
872
943
938
2382
4634
2528
9699
7253
7905
1703
3223
7089
7085
5784
7454
3905
6280
5482
1832
8973
6811
9923
6375
9766
796
508
3640
7556
1552
4834
3924
129
4850
8730
1581
5528
3488
5504
5098
2461
9361
4805
2091
2536
5986
9057
8306
4374
679
3147
293
2580
7135
6343
8660
6631
5853
5654
8768
242
888
6489
959
4311
2619
1942
4971
4806
8071
892
29
4286
7521
6238
2970
5781
7348
1102
887
8970
6422
1861
7700
7108
8182
7477
7971
9058
6616
4649
8912
4223
8748
5532
8098
2109
9584
5309
3596
5609
6903
8079
6163
8371
9966
8555
4424
1285
2048
9534
4613
1720
1874
8996
7275
337
4833
6670
1186
7358
6278
7795
7907
2746
4628
8606
3325
7761
6910
3936
1224
9164
227
816
6983
6371
145
4715
6789
5961
6430
8139
1120
7277
3376
6084
1189
9906
5623
9717
5426
6476
9122
2989
7367
5983
5105
7519
8607
2600
9004
9301
2613
5255
774
2861
9851
7674
9865
3059
1571
8509
8169
1050
503
5469
5481
4386
379
6449
1653
4269
8042
359
9416
7425
652
8213
4408
1190
1698
6937
5344
483
8999
7190
2949
4081
9704
6470
7386
9358
6519
144
723
7638
7031
8818
8784
6286
3487
613
1696
5633
4460
3378
8347
1683
86
8075
7029
2082
5681
523
9208
2594
9172
7118
9396
5832
5514
6468
4152
9464
2750
4538
1719
4344
976
4602
7502
9949
4720
434
79
378
7625
6321
7300
3782
1970
1721
950
5636
6239
6315
8001
2546
9085
4683
4544
9995
9718
3448
9273
2066
4231
3169
7812
6210
8192
7524
9215
2745
8426
7574
7987
9053
8591
9016
3687
5788
7647
8204
5657
1166
8541
6168
9524
7011
9893
3304
9245
4072
1245
2573
9080
294
9351
1869
5281
2212
271
4361
7475
8938
3549
8044
8274
2603
830
2355
631
87
2425
2213
7158
3386
1116
2164
1261
8526
4509
6534
1625
4890
6339
1493
1741
2452
4067
3978
3765
7241
4056
1787
1209
4640
5491
4171
8261
9695
4849
9068
5594
9668
7869
3886
8387
6562
286
6692
9352
3743
9848
1356
1076
9957
8417
5825
2491
8504
203
6609
6598
6388
6560
7928
6215
1024
5296
9501
2582
1615
5267
9200
4479
3259
2222
5125
9987
9484
5605
6992
1466
8879
4827
9465
4514
6383
8889
2083
1931
1274
2159
8370
9670
7699
6883
2035
5078
9650
2215
1239
1325
5630
1400
2887
7883
7142
4898
9430
8388
9511
2871
2084
3477
4620
9296
5352
4279
6965
1122
4314
4009
2247
7974
6544
5126
7428
886
4752
6146
8345
6512
362
5726
391
8886
6842
2955
9457
4743
5828
651
6340
760
612
4986
4353
3533
8334
3333
1267
9081
7000
1127
5522
7175
1681
6482
9366
240
6866
6218
5758
1652
4181
6505
1038
3254
6926
9329
6015
5725
2341
877
2540
9405
8103
6708
2889
1054
3755
4535
1860
7070
8191
8161
3091
7411
4303
6524
3538
3559
1597
8598
5415
3423
3869
8840
1248
1636
4526
1007
4186
1217
2606
6199
6844
5887
6779
461
1761
7917
8656
5246
4639
506
9158
3493
5774
762
1387
1591
3327
4946
2914
182
1835
4046
6933
8277
7161
8847
2149
8751
2254
7396
1321
823
1606
3189
6752
738
4921
4155
6914
9221
3783
19
4419
6997
9456
1807
70
4712
1082
5923
8582
7170
1854
9583
7717
7997
390
6307
4566
9588
3060
1448
1966
7903
1037
9860
8319
3637
1614
1415
3774
6325
4004
2317
149
3337
3873
5228
3161
8053
9676
3613
4576
6139
4091
3419
327
5242
4722
7599
9100
5331
8725
8473
1534
1899
9652
1107
2722
8174
6198
3398
8518
135
6818
1237
4253
8237
4490
9335
5494
3975
7787
328
116
1817
595
4891
6147
3322
521
1887
3428
4856
8570
230
1662
340
1537
5345
5808
6425
6465
9917
6719
7852
8936
1367
221
3847
6461
2678
1218
7059
6535
6071
756
4451
5037
4781
3611
7369
2073
3877
8080
2165
1804
2257
6758
6143
1674
8987
8216
6008
1643
9513
5578
727
1149
7349
9496
8408
7581
7918
6572
726
2005
8491
4126
3864
3659
7619
4748
3590
304
3113
200
2400
2910
6985
6734
2064
6551
1235
8604
1928
365
2992
1408
7709
7679
6767
5910
7890
836
3039
4041
3029
6253
6481
3418
8998
9724
5790
6362
7166
3635
6445
919
4814
2473
3756
7864
9066
282
1114
8621
9745
4447
3875
5476
5732
8612
5350
2663
1296
7381
8396
3908
1522
5413
2922
1845
6832
7392
2137
4209
8626
3919
9128
5262
9289
7692
3800
2479
8455
4913
3339
8920
1994
3324
7550
65
2952
45
9952
5235
6405
8196
160
273
9387
6478
7663
1562
9399
3716
6621
3597
3148
7047
455
1877
7374
1965
2096
4263
3581
2423
5909
4086
713
7583
3822
9984
9170
8250
9336
4676
2
8008
5029
9974
1264
833
123
8257
6949
2498
6651
948
3321
601
1555
8901
6807
8838
8556
6413
6546
1140
1836
6374
6565
3050
3625
6225
5579
5802
1879
8658
2266
7478
9787
8032
6774
9308
3835
3817
7098
988
2168
5124
2890
8891
2892
3269
192
5179
5552
1870
5634
7380
4948
3656
659
2860
8738
1531
9803
6337
2525
9527
801
8856
9914
6474
1193
5684
1137
7127
1405
6471
141
2866
2110
7107
6129
4482
3417
9442
7851
9788
9983
5085
6864
1159
370
8834
4725
3964
646
8336
2447
3929
9182
6703
2214
4359
6417
6233
3536
8003
1185
3874
9032
2942
8651
2483
5791
4493
9985
5512
8246
2770
7720
1656
1352
7558
9735
485
5649
4908
1397
4341
729
7331
8743
7603
953
3721
2755
1802
3380
5505
9292
5729
7322
822
5211
5878
4800
9277
9769
8255
7079
3930
6295
2062
2554
9754
5488
9816
677
3004
8636
7779
6776
4819
2684
4293
8281
2205
8538
6863
553
6887
2901
3862
3252
936
38
9298
6971
838
5318
1572
4581
7288
5687
220
3426
163
244
8657
102
2242
5648
4863
7090
108
6032
3032
4733
6303
561
4610
4656
5270
5708
2842
1619
3348
5527
8935
2036
5145
878
6499
13
7494
5340
3544
4920
510
4357
6674
2115
9025
8513
9737
3768
3125
8302
9472
5819
358
9715
9837
4939
6552
6078
3932
751
2682
1850
84
1578
4899
7919
8780
7136
8731
4288
2656
4459
441
4028
8740
5006
2119
8924
131
1414
105
6974
2747
8218
4650
6292
1873
8309
6007
5834
790
5874
460
5926
7597
1818
1919
2183
7881
8147
779
3155
9597
3952
9561
9391
7176
4427
6148
1882
3747
6364
3151
2311
5443
4332
559
6728
2372
3796
5858
8661
5663
8007
6682
564
9056
5158
9020
8666
6561
3845
4797
481
9288
8676
7193
4003
1743
56
1933
8368
1558
4965
8301
1660
8206
7535
3393
7086
5269
3176
5429
5582
8449
4495
2939
5982
3300
376
4956
1747
6076
2690
8472
3305
8411
2617
4422
8839
2612
4077
8239
3947
2647
7213
2657
961
5206
93
6938
2432
7936
640
2571
440
8263
5090
1538
6392
2749
6385
384
3506
8380
3261
4966
4808
4334
76
5685
6823
4830
9629
3338
8197
1906
8668
3532
1362
3404
1629
2006
4883
2636
547
1593
3178
6784
7298
2058
9003
5373
419
1642
8653
8870
6924
8993
742
7888
2112
3678
5223
5698
1040
841
4235
5292
6437
7137
2764
5701
7757
4328
6431
3515
7067
8544
8955
530
2879
6720
344
7309
3209
1479
6600
2395
7063
5396
3610
1863
2056
2331
189
7226
7323
14
5814
1417
7979
9740
1403
712
5277
539
6536
8805
8720
5805
2552
2054
3226
5852
4663
2707
8580
9268
1620
7389
5009
9348
5439
5846
3961
7512
1884
8243
9560
3731
7373
6523
2362
2106
5265
9619
2757
3616
4387
784
8251
685
4953
8863
4199
884
3403
5368
9079
8867
4868
4290
6634
6090
4662
9566
3496
9369
6837
437
2274
7235
9249
1143
8498
4528
4674
9990
9446
2268
3260
4698
6526
9460
635
283
4283
1289
3456
642
821
4354
3591
1540
8154
9224
1975
5811
3539
2332
2962
8149
2486
1136
6812
207
2583
3453
1212
8486
2805
6125
3014
2300
7589
9505
9601
9997
6061
1106
9271
1144
2018
6329
4963
5768
7003
9634
3633
9434
7995
2179
7123
8126
2974
9661
3311
7101
7010
8259
1838
4277
5711
3267
3205
3076
7139
7513
963
8909
2354
8464
1956
6835
6089
2443
763
8178
2307
9693
5382
2550
3949
159
9017
6602
6312
6335
3078
3771
6272
268
1624
1132
5647
5259
594
3064
8276
1297
1916
325
8439
5958
6851
6769
1500
5604
922
7173
7922
4323
1714
2812
6849
407
5815
6836
6622
1687
6452
8471
5855
2136
2197
4590
8018
6978
6856
3909
5457
8339
9916
1013
9844
9334
3684
9262
952
3895
852
3367
6048
8535
5709
6693
3
1694
618
329
7582
3736
1752
4444
3140
3042
8406
6804
6715
9317
9750
7273
5247
8034
8650
7751
258
8474
507
9109
1078
4220
7383
3129
1172
8101
5564
4379
3500
8530
2870
6619
9022
8671
403
818
6868
6923
3985
8402
1825
7249
9599
3614
1982
4987
442
3644
1977
137
3323
2500
2701
3712
2882
5925
7569
7431
6397
542
8618
6520
3604
5752
4633
9574
219
2404
2523
4080
5458
5184
2531
319
435
4701
7828
7833
4312
834
5886
7543
2923
7311
5130
2897
1779
9537
1232
8637
6267
6604
3913
3470
9124
5174
1377
3754
199
9901
7633
1646
9367
3762
4829
1055
5058
8680
7376
1104
3306
9276
1313
7247
7646
7941
1513
6097
6096
6987
875
3698
414
9492
6066
3568
1042
7701
7049
6439
1521
5010
7002
7653
9349
7164
8711
6979
9281
855
5204
584
9963
2379
5183
8026
7632
7944
699
7077
8699
1973
8110
4255
5624
476
154
2633
5863
8875
5432
1968
1256
9546
3738
6382
8957
7962
3910
5561
4326
9014
5048
1676
7938
4915
9794
4190
8534
1672
7654
1368
1647
7244
2092
750
2041
5930
4432
4039
1427
3414
4252
9549
21
5492
678
7669
1080
1751
4505
6012
2978
7402
3012
9831
7094
3858
1295
1840
8065
5565
5906
436
2793
8499
773
1436
2885
5898
8817
3854
1262
4118
5997
3375
6165
1171
4298
1583
4561
4812
6574
8919
1231
655
2113
6189
2799
8929
1639
1097
5467
5427
1605
369
558
9154
2219
4687
5319
8214
8410
2816
6706
157
9341
5960
9499
72
3405
5842
4184
450
3275
6058
6254
4192
9630
4739
4233
2845
6104
1473
2733
3046
4879
1979
2905
6770
3650
6592
5440
540
5199
167
5466
1841
5034
9783
6900
7409
6991
856
2809
9814
9132
8430
6333
3942
7065
9647
5035
9173
3088
8360
2200
5699
7455
4916
8983
1856
7060
1491
1651
9742
5967
691
9417
9777
2979
8579
1407
4068
6318
2069
2843
3394
1559
4937
4405
7753
634
452
569
9675
394
5388
7791
9533
7807
58
2575
1021
2874
6055
1203
7424
4554
9051
148
8462
7547
353
1731
1749
1504
6026
8416
6100
6925
3212
83
3785
1195
8127
8686
6316
7964
9209
3070
6947
5002
4474
3135
6466
9096
8367
7395
556
307
7782
8922
1542
4961
8808
6135
6423
4778
9451
6707
7695
1927
4799
277
6961
554
9086
4959
4893
4131
7924
9608
5795
3204
2484
9530
4368
7325
4292
7204
1675
4296
4026
2981
4136
4105
8223
8040
3584
2422
9657
335
578
7925
4445
724
6459
6285
8702
1595
2640
5198
755
501
4043
5934
6451
2127
8549
9483
8778
5146
2477
4686
4774
5314
5414
6221
8219
9006
9753
2072
5275
3890
5231
7255
923
7814
3218
4051
5588
4980
2506
9167
4599
2276
6558
9439
6438
2009
2865
890
5012
9235
721
3122
6984
4082
2687
2666
7677
8913
8722
1549
6326
462
3168
9318
2029
7691
8649
4870
9343
4981
2297
935
7054
6638
375
9992
4910
6648
7154
946
3552
1045
8685
7278
2046
3105
4508
5392
6834
3410
1846
2269
2011
7337
9678
6853
2370
9121
1454
3799
5186
3672
6840
7871
9397
3188
4005
8035
8882
7343
9294
7224
931
5987
1748
1907
5870
6593
944
5376
2948
1510
5317
6639
3411
9892
7261
6578
2815
4260
6916
8157
4522
5027
3798
3250
9726
3876
9075
749
9497
3106
9393
8520
9371
2125
1359
4284
8843
4300
3214
2578
3603
974
582
9481
9781
464
2402
2139
7929
6051
3183
8961
7749
3495
1067
3887
7596
8399
7129
8242
6369
5856
3589
2664
2628
9637
4442
7271
6304
3273
867
4494
1305
5677
2117
7568
7462
7705
3243
6338
4025
8330
4245
2304
661
3671
3894
5159
1266
4779
6060
6946
3452
8531
106
4470
2880
1187
6970
9780
3645
8719
8011
1756
250
9665
2973
6792
9576
1179
8107
3692
393
66
4804
4100
5273
8116
9700
5014
9421
8369
1079
6376
4682
6986
537
7327
1601
4547
5422
6120
321
1201
7813
4810
2736
4845
7662
5806
3742
9185
3922
835
9746
2181
8733
3723
6409
2163
1655
3740
9104
641
2691
7486
2872
1793
2837
6115
603
6750
5717
4575
8788
7279
2654
2515
1481
9672
9152
1991
386
7306
2932
3763
3724
3241
3600
7831
5400
2859
2282
866
2424
8295
4487
1148
9413
6814
2490
4557
4179
6098
7629
2918
7248
6667
2713
8615
1477
7576
2385
2260
9855
546
3270
8576
2234
7969
4736
1616
402
5284
8496
3551
5559
3902
5444
8466
7737
2293
5963
592
9394
9355
8144
5128
6092
9198
6516
5490
4690
686
7711
7829
3715
107
8665
1710
5873
1421
197
9119
6873
531
409
470
6190
7961
4325
4473
5405
9000
8747
8150
7562
8646
4239
7078
7982
2013
9684
1568
1100
6274
5093
3048
3527
8212
3511
9876
7884
2414
438
9954
4769
9680
3377
7906
5576
23
5077
4316
3840
126
6661
8002
3748
6915
9878
289
5193
2605
8758
9212
9264
7342
9977
5024
1090
6074
5742
3020
7713
4570
4395
2175
647
9389
6360
9261
9909
5072
1790
704
5652
8512
9060
1402
6266
8597
7832
7509
3843
3976
350
4219
4709
8377
8057
6744
7296
3931
580
6838
3234
5195
179
5868
5312
8503
8739
7406
4836
7710
6004
3045
3005
9991
7754
1852
1520
6380
2320
9805
2850
7826
9030
2557
1820
3296
3690
1588
274
868
6905
8483
4973
3336
9931
5201
180
4652
7678
500
6014
3425
7986
1177
9773
5015
9828
8152
4843
30
8436
3654
8497
1270
5139
6577
1770
1981
8060
666
2151
3916
7548
3579
3984
2497
3023
9225
2925
4063
9091
7168
2818
1617
2717
858
8537
5142
1272
9231
9278
4742
5767
3566
2336
9130
5977
8625
9427
8718
7933
9936
4360
5389
2995
4809
2702
7725
8510
5066
1763
4439
9226
4996
1811
1986
3535
2579
6884
9326
3442
6689
7577
2071
9156
1858
265
1842
9616
623
7644
2116
6469
4734
2607
9379
6791
3797
6525
7584
3760
5775
2912
4798
2403
4807
4954
2615
4695
170
5988
5908
552
1985
9015
5070
3839
9368
5087
3454
1871
4127
7292
3703
1999
9770
3286
7365
2823
4229
6566
7448
4900
5914
6187
7370
9582
4033
9458
6309
2302
3528
3093
6723
9681
7457
5734
7447
101
6480
6677
77
7508
5423
2825
5088
8663
2778
5189
3282
4182
6721
3846
2965
4242
8105
9950
1893
1518
1590
482
5390
8424
9323
1401
7594
2688
5346
9761
2649
457
6564
6709
4603
859
6110
9251
423
306
5229
8123
8311
1829
7104
5236
4150
2875
1553
5800
6595
7957
413
9968
1379
8704
4888
518
1980
9899
3302
8735
5646
1074
1350
8108
2814
7258
3499
6283
3997
8930
9827
6895
5822
4960
5525
7733
2007
1230
2021
1345
3680
2676
4897
2156
8004
214
5810
5192
9841
1805
8573
1789
8958
1299
4180
1315
6576
3512
4675
7326
4109
7183
9314
5741
6412
6690
9304
2243
1269
252
2270
4058
3524
2451
3516
1764
5750
7824
541
6113
6500
2637
8611
2529
7707
1476
6532
7177
9404
8258
6771
2907
172
5409
1167
6039
3459
8876
300
8199
4512
3928
3752
656
373
4788
47
4193
6686
2130
1954
480
6685
7682
6069
1898
4308
88
7423
5919
7879
6485
2535
3315
5996
4465
2561
3143
429
5391
5935
9975
7441
371
8641
7527
4151
5342
9485
9973
6877
8021
32
311
2830
8691
7146
3809
7251
5839
4168
9110
7399
6195
4783
9486
8398
2459
2685
5697
3871
4157
7697
1135
7372
2945
928
7017
4647
7518
2521
1157
9627
4991
7439
1000
929
2416
5311
5202
7642
3263
4815
998
7575
8785
3475
4285
8203
421
3696
5899
4884
451
5213
5713
2346
7257
7132
2289
8477
7201
1723
1124
9623
4120
2731
4034
4611
3507
6257
2426
2635
3958
3571
8087
118
5845
6252
7449
5307
9453
1586
6538
6753
5135
7932
7802
725
6473
597
4653
80
5268
6219
4165
299
3831
4294
2226
9139
1585
2639
8047
9802
7741
2446
7731
5463
5929
6637
4382
1139
1645
753
3000
8980
2728
2609
7460
2368
7927
5596
4364
6381
1635
3941
5167
3422
5149
1777
2380
9191
1938
3309
4415
8837
9346
9286
2381
5372
5026
1033
6167
6977
4790
6393
4478
4755
1514
4461
3144
5928
1628
2585
1766
5972
4035
1567
2475
4816
415
4612
6928
7837
49
9903
2677
9401
7874
5450
4094
5597
8820
7284
9517
5689
1709
6183
7128
4062
7781
9919
1271
8588
9924
7634
3570
1101
9551
5942
9558
6543
5266
1180
9542
1070
7616
8305
9300
8090
6099
4574
9162
1632
5714
8493
1785
377
1872
5322
491
7886
1853
7143
4499
4773
7823
469
8362
765
7722
6945
9082
3044
3561
1992
3053
8524
7384
9433
4234
5796
6317
5338
4016
7186
7566
3505
9047
1876
664
4871
6181
8994
3794
50
9026
4383
486
8705
4614
7854
3631
3320
3236
832
5739
7859
209
7526
5407
5841
6559
6436
8013
2485
8304
8664
5592
7081
5326
173
8338
8019
7641
2248
2658
8422
3912
8810
9905
3804
4859
1126
1969
4236
2235
5419
7516
5404
2315
8317
9115
4885
5485
4531
8215
6203
4125
245
4503
1337
8315
2902
4002
7236
3914
5341
829
2996
8006
4211
446
4740
6757
187
6897
5150
8358
73
8155
8249
3138
2988
1775
7120
1745
1911
8614
8908
411
1753
5134
4061
498
3363
5639
1293
5962
607
5151
4485
9771
6825
387
2478
392
1338
1685
9099
7965
7539
2510
8159
3195
6568
4907
2618
1883
7901
9733
5131
8932
4070
525
7305
7260
1108
3649
3225
364
1475
6876
2206
831
2909
7930
341
196
2586
3583
147
352
7240
590
2993
9959
7689
3163
9659
2512
1654
9521
7790
5632
4454
7388
2065
2211
2160
6798
110
1051
2794
9274
9762
5003
7525
8608
3082
2004
8266
752
4928
9269
4555
9539
7328
9142
1134
3180
1279
7972
883
7344
8094
8809
1360
1160
6813
5536
7412
6248
6407
6646
6056
6918
368
5782
2756
5325
4922
9039
6754
8296
7966
7076
4403
596
7590
8734
7703
8628
9112
3372
6981
1008
9331
6787
3753
68
8907
645
7106
5591
615
7218
4935
4385
6645
3191
980
6328
9834
8421
2827
8119
3953
6021
8488
7952
8787
2534
2148
2221
7900
1697
6680
5366
6678
2494
7507
6460
7951
8554
9610
9664
1121
5998
4434
8769
4376
2343
3907
3587
5182
8600
6590
2904
7954
2030
7559
8205
568
5721
8280
9232
2055
9043
1828
281
9578
4802
8321
1671
1018
2513
7549
9904
3084
2327
1006
3462
4176
1428
4621
5778
1717
3019
3674
4924
6334
969
6231
1419
6958
4162
2027
3157
8340
2131
6794
1181
1238
4697
9076
874
9116
5483
9756
730
3463
4597
6394
5208
6773
8766
4627
9050
9873
939
9682
9757
8166
6533
8262
880
3816
2516
3823
4362
5829
8874
8235
4227
3598
6211
1998
5173
9270
788
7538
6704
7405
1435
3575
5541
1797
7811
5194
3146
261
8142
6130
7680
3416
1086
7732
8364
8221
8934
3438
4886
6138
3727
1442
3525
8050
8757
2457
7873
3080
9107
4765
9129
4230
9969
9514
3257
4820
4717
2592
7225
8545
6245
5550
4985
4187
9714
2273
7432
4824
1524
1265
7458
5038
318
3074
3031
7072
1085
6608
4392
3011
4358
3814
2037
2207
9760
6290
459
2053
4606
2201
8141
6799
3308
6529
842
9409
2190
2102
6581
8551
7414
5220
9784
6217
4724
1715
4825
8457
8082
9157
6164
4583
4241
9687
205
6896
4691
7032
8759
5880
477
9890
4559
9692
2277
7114
1105
2915
6687
4338
3295
9673
3691
3037
8248
3033
9024
1155
7304
6766
9643
6988
3357
780
7025
3221
6815
5362
2480
61
8565
7726
6314
1320
5667
2703
6890
2567
6591
9065
9012
7789
1570
6024
5946
8567
1673
2782
4327
3863
9267
9223
2140
5298
5920
4726
4578
4256
6450
6714
8121
4057
4615
8715
4645
5706
684
9609
6878
5547
4456
3206
3464
1816
6668
3123
4768
5163
8672
2997
8273
3066
1060
1637
6556
8028
2642
6261
6260
6567
548
9602
8736
6626
2462
5600
9002
8966
718
6242
5165
6699
6780
1041
1891
5140
5826
5480
1913
425
1708
5949
8233
7643
8366
7956
8083
5227
2334
6932
7605
5927
2044
7834
5974
5067
7091
4696
2766
2921
1486
555
81
1957
1165
5549
8982
6611
39
2449
1198
5661
2244
1596
682
7153
5674
9593
8375
9184
7340
3641
6888
2152
7450
2884
708
4021
2453
195
8344
9736
9340
3278
8409
6132
9786
4412
3307
7393
7404
545
5539
9866
637
9639
2991
5572
4719
9564
5625
7242
2847
6580
7821
4887
2017
585
3926
8414
6453
8560
9829
7039
8959
2732
7484
3473
4337
3186
5817
9972
9842
326
9944
5477
4476
7488
6732
5917
8823
2839
9707
1866
3901
1917
1792
6862
7368
768
9140
3406
3815
9618
6778
3152
9642
7492
3335
8292
1941
2218
8217
408
7759
8885
3722
3821
6031
1592
2629
9915
8145
155
1056
9884
3366
313
3237
2407
1439
4626
399
1755
9540
8272
6214
3501
4116
3217
5793
1569
5221
3628
1640
2555
3757
5121
339
6666
385
5666
5937
5738
7265
4124
8333
7931
3565
1574
7889
8297
1371
9703
4281
9013
6003
5033
8832
7422
6324
8540
3884
5586
8899
9976
1754
1548
9144
1247
4053
8915
847
288
1527
5406
7052
1834
8303
4015
4469
3648
764
8577
4352
5933
1434
7053
7122
9592
7537
62
3081
8601
4842
4658
7499
7578
115
6494
5581
3761
8359
1958
737
627
2093
5913
6765
2589
5260
2724
5629
6872
2305
9135
1796
933
4532
9306
6969
7145
7528
6044
5402
2468
9779
2333
7398
1771
3344
6999
9882
9176
3791
630
9383
5712
5166
7479
9228
8357
7696
8937
488
218
6255
8688
6408
7435
3973
9830
3139
5257
690
4133
6391
5031
2493
6462
8434
915
5111
7778
3317
9912
8055
9500
4214
1438
5114
6569
1301
2670
1525
1633
5094
1799
6522
4287
6736
665
4821
2779
9337
8931
914
924
3174
1243
4865
6793
2990
574
4848
4315
5715
194
5330
7436
6355
2752
3962
6041
1025
5244
6145
6192
8427
1788
6828
479
1451
9042
587
3759
6817
1762
8596
1826
6246
3025
5783
8332
5162
7858
4280
4906
9466
2420
5272
1862
1939
8807
9094
5722
740
8613
6091
4694
169
8806
1831
55
2559
7872
5028
5847
808
5857
7493
4371
3801
3043
2408
6764
5945
5563
7115
6276
4114
6121
6672
6308
6456
1068
8583
8022
6128
5472
276
8761
4617
4238
1668
4208
6605
3089
4437
1529
7993
9938
2638
8696
9528
8678
7266
8967
2230
4225
4438
6669
7378
9719
8797
7635
8667
5718
8009
2227
1943
1959
3792
9202
1739
9751
2463
2023
5771
819
5877
1925
918
1551
7727
7134
2931
5
7020
8104
119
1536
517
4295
522
8329
7301
9858
3341
9525
2888
4727
3865
7882
940
132
4373
741
6123
2033
2431
799
1830
7495
6498
9254
4741
8185
1452
6234
8278
4685
5626
9636
5251
2059
8487
2237
5371
4925
6700
6330
1395
7533
9934
9651
1150
2445
7016
8772
1017
9628
5063
8706
2386
828
2291
4212
8794
1168
9895
5831
3054
3788
4760
1010
5020
7109
9033
474
2855
2532
4078
4350
1298
3482
7950
356
8765
8844
815
492
3555
2959
8782
8115
2593
570
3806
1736
431
4950
3857
814
1302
6960
9883
4137
2810
3368
2458
4585
8979
6880
8289
9218
465
1665
5336
1229
8744
8373
303
445
6751
7522
5226
5327
8502
7758
604
4050
5584
7283
7243
4435
9538
7051
2189
3836
8964
2735
9410
1776
7148
4706
9088
5619
1765
5089
7937
5068
7206
3944
3118
8198
1798
2016
8015
4962
5394
7636
6990
3008
1501
512
4301
1294
3316
8742
2075
3838
2867
6647
3399
43
1964
9562
2128
620
3443
3514
1031
4011
5237
9159
1734
4064
792
9333
2026
5836
6557
103
372
5484
5622
696
9568
9516
2543
6302
7092
4164
9150
3065
6790
8861
9846
5000
8561
9932
5903
5049
475
2738
505
1361
4938
5931
8939
9625
2229
6416
6052
2858
4462
2216
719
772
5651
1331
783
6193
1920
1275
9708
6428
9575
9617
1009
4282
9253
9238
4228
6208
8135
4762
9832
9476
4657
8389
560
6294
1288
5627
3784
6354
9448
6235
2391
9689
6155
8790
2365
5642
4711
8096
146
9594
6963
6716
7818
5952
907
5513
4083
8622
1034
2966
4347
2085
6175
2711
1690
550
3885
6907
3208
7264
2765
5970
3024
5177
1535
8458
6657
1169
7694
3297
5004
5465
9137
6761
9850
1996
9743
2730
9856
8066
317
1411
4254
2886
3373
8855
3484
543
1519
3440
934
3780
1311
2856
3385
9290
4586
5258
6843
2352
873
8056
9311
5989
1658
1945
7878
1154
2947
3776
5888
7239
566
7908
270
6993
9036
6847
1370
1260
4967
1598
1934
7517
9438
3179
3466
711
1814
1936
5339
2672
5671
6816
5205
1065
5637
4941
3355
7207
9871
5321
983
5364
4857
2154
4914
2781
3476
2835
9487
1036
4472
4567
9237
3421
3849
4319
9148
3647
9823
1984
3313
2318
8063
1084
2209
2987
5529
7698
5537
3288
1077
9503
9216
6342
4596
5587
4407
310
7545
269
6179
4506
1886
3732
2695
7468
8880
3837
17
9569
8709
8698
71
8437
7656
6200
744
430
3992
1255
1348
5384
2024
1173
3052
3222
1644
7797
4204
6731
1464
7464
4832
7724
6310
5615
2734
3781
3069
204
2665
6351
3283
6152
6939
3615
9515
5507
9913
3026
9649
9436
3247
6507
5138
8752
7690
3588
4667
4207
3036
4491
5748
937
2434
3510
6962
9280
2275
1865
9789
5556
7551
6472
8550
6244
598
3766
1334
2869
9741
3408
6277
6733
3968
396
8974
3329
8188
7767
280
1318
7865
5197
2548
4138
9031
4048
6126
3415
8925
9227
5521
397
5503
2569
9219
4029
1550
9131
181
3842
6980
7470
1608
2811
8088
3491
5283
997
5892
7955
9804
3662
5695
761
927
2751
9958
3009
551
6952
3156
5430
4665
7237
383
7208
6898
7082
9541
636
6443
5510
7437
3412
7892
5136
2838
158
8992
4934
7622
389
9989
3107
6658
9624
675
5555
253
5108
9925
606
60
1225
2255
7302
9928
7769
6663
605
5610
1216
807
681
4365
575
4918
9580
5011
8307
9241
9045
7876
1469
8659
5080
4257
4218
8093
334
8866
1142
9090
5875
3199
771
4492
7939
8386
4616
7487
5335
9454
6105
9545
8200
3813
2675
2043
9422
8384
3981
3103
3374
338
4189
4197
3395
619
9864
4333
5358
7463
4970
3490
5716
7214
5152
7228
1689
3803
6623
130
2135
2470
5659
6908
9981
6902
7027
2643
9426
1983
1684
8842
1963
2929
6629
9141
4175
9889
8662
1457
2167
211
1091
4699
5696
9309
109
2565
7229
7272
797
4643
5280
5719
4801
3704
1425
5530
9069
3185
1648
1158
2760
6575
2003
608
6464
977
1089
9175
2487
6136
9305
3458
7650
3359
1868
6367
1844
4751
7080
8062
781
59
8254
9431
4637
8643
9350
5603
6197
8133
6681
4375
8442
8822
5932
3432
6063
1878
4423
3957
6349
4251
3231
9748
7234
748
9370
4638
4087
9233
3972
3808
5498
3830
6043
9886
2669
8054
9467
3233
8348
312
9120
4728
1611
4426
4111
8308
2010
3175
3272
3190
5577
2789
4541
3194
7364
2373
6088
8279
709
262
3520
8298
4289
8916
6617
9217
3284
5041
6373
3238
8374
8165
3891
6786
5137
8559
7093
2577
649
5710
416
2767
8051
2392
3578
6141
9347
9001
5516
4692
3666
897
8431
3347
1784
6458
5109
5264
6636
4156
2817
9407
7923
1096
5110
2748
2928
8812
5859
8946
2192
6819
6331
7097
5008
3965
7673
150
7004
8775
3586
4185
6959
7914
5506
9646
1700
8962
4274
3116
5454
104
8440
4217
5976
9102
1128
5079
9790
1691
6237
8587
7162
8593
4902
2581
3938
1030
7948
7752
8948
354
9044
3115
6094
2143
6001
5641
2467
1446
9961
4433
6822
1515
9660
9339
9667
444
2626
3303
3381
8679
8228
4896
8517
8423
2742
5691
2950
9544
3934
5573
4745
3202
4911
6118
8244
2418
8774
8397
1702
8043
165
7853
4203
3055
4648
8635
8148
6943
4299
2759
3387
8786
7453
7246
1995
140
3131
8415
5379
2310
6134
4007
7747
1505
2541
844
314
2560
8283
2185
4519
8033
1960
7061
2299
177
710
4110
9372
1843
4270
6046
3497
7009
6390
8444
941
7057
6601
9738
1119
912
648
9468
4579
2900
5922
722
6649
8453
53
3608
8972
2977
894
8585
4480
6515
8074
1458
8227
8803
6378
1565
4919
3061
2258
7103
8602
9018
6673
3086
9040
8130
3548
3948
8271
3130
1541
3593
8137
5749
1314
4982
5672
4862
9812
9666
3485
9577
490
5692
63
7721
4389
5052
9250
9494
5401
9847
3779
433
4714
8523
1666
3073
298
5735
151
3145
4520
5818
7981
2800
7401
1323
31
8383
2771
3769
6749
8300
5435
798
9798
2744
2060
7980
787
9605
1035
3618
693
8527
9849
9179
239
8151
2982
8109
2261
6344
254
7564
7585
6848
3160
191
6166
3622
3868
2813
8401
4521
6332
2630
1680
2780
8170
5060
426
9765
3699
8692
6229
2943
7147
5743
3826
9230
8029
617
8906
3621
3626
7430
8546
1892
5679
716
5175
2121
5308
1474
1312
4972
5975
5984
1383
5230
671
4507
4090
9365
5249
1732
6137
9945
8831
1532
8826
2236
1443
1774
4761
6738
9942
2174
8674
769
1705
2020
5215
532
9621
6737
4331
152
2740
4247
5083
654
4188
5170
1699
5478
8320
2495
5096
9994
3215
305
7877
5979
7542
2881
3361
4831
670
8124
8194
6264
4224
5765
4457
2584
7346
8801
2454
6968
7238
8942
1502
6457
7294
7985
2087
2231
1800
8325
2568
2798
5471
1394
1213
3401
8921
3560
7970
5675
7796
447
251
1926
5508
1441
8726
3099
7618
6366
5408
4511
8872
466
4784
41
8821
9180
9046
3970
5123
8762
3642
1460
4329
2191
3479
410
363
3153
5785
8125
7040
7991
6345
6
4580
2841
7916
1316
6588
7609
5912
8511
4858
2574
4767
1594
3437
6606
8860
9900
7786
8904
2524
7073
9532
9087
6377
2045
7476
9377
9183
6936
6204
8828
1112
9163
3547
3963
1769
9967
7845
6942
9955
8644
6496
5747
1046
4226
8814
8941
7321
6124
7762
3795
9600
235
4129
1433
3446
3892
6153
4191
8700
3041
5608
8683
8575
2450
4929
6159
1087
6142
5421
7836
2284
5132
9571
9935
9166
8945
9359
6154
6805
248
9801
210
1322
6748
4749
4291
1349
1607
9510
2090
6140
6258
7561
7160
6642
6188
9799
2415
904
1365
9880
4771
7270
3134
7400
1304
8905
9147
4936
8548
7861
3427
1909
1437
272
800
3467
7904
9877
4944
9656
1418
4756
3925
2634
9035
3245
3701
8475
1659
1738
1951
2551
916
2074
889
4630
1221
1342
8562
8645
6017
3274
7245
5447
8285
2389
5239
6495
5349
4305
8310
4822
1164
4258
2625
4401
3369
9275
5323
1937
5071
2032
4394
9008
279
6917
3240
895
6596
7573
6555
5129
3880
5157
3927
6404
8326
7262
5924
7088
6573
8106
8343
2173
1905
7319
1146
1823
6035
527
5434
2936
7001
2371
1004
2142
1602
2303
166
6509
5431
9220
7096
4073
5116
9810
8648
4198
9111
2375
3058
987
4500
5370
8160
2100
5217
7998
4144
3192
1609
4677
5278
4984
5950
1303
8391
8183
5616
6384
9169
7977
7415
8299
544
9971
2014
4139
100
1923
9108
5487
5196
1184
5915
7746
8288
1355
1292
5254
1727
7552
7736
1855
2832
734
1462
9970
2050
908
8036
8988
7403
7397
6998
1064
9587
3888
8428
8960
5303
7686
2134
9123
6029
6676
1208
2999
4381
862
7379
7459
6213
1329
9911
2240
7571
6550
4178
9126
4721
6854
8670
7095
1895
8146
1449
2616
7055
3859
8859
336
8985
7799
6158
1351
1794
7570
2338
1546
1718
3556
6232
8138
5964
6111
4440
4664
1767
134
1890
6212
8703
6065
4548
5288
7926
8754
8943
7588
7608
4594
7112
3171
7124
3502
4121
6037
8553
2250
3342
9203
2396
8393
5872
3537
4791
697
8749
8850
8253
6827
2217
9204
1528
1333
5470
6652
5995
3764
3903
8476
5703
3391
2410
6440
2505
2323
1306
1599
4320
9940
8568
7442
4565
9330
3480
4978
8616
9658
1997
7843
2692
5535
5252
6068
6571
3478
5871
9445
7617
7037
5225
4998
4497
902
1109
6615
2398
2533
4729
8419
7446
7563
528
1508
707
3431
4764
5238
695
9188
7202
7285
8031
5660
3989
8461
7945
6279
7274
3256
909
4141
5707
5999
223
9696
733
4758
1286
5801
2295
7623
1894
5554
6976
8404
3980
2210
7510
8675
5869
357
5353
9071
6553
8171
3993
5645
1557
7554
7992
9722
6034
3127
7943
8017
5455
5160
7835
8897
5224
2933
7670
2488
5099
6585
9319
8900
3092
8356
8779
161
1485
4949
4221
9857
7210
9720
4573
7481
8848
5585
1989
8181
4010
4942
7041
2347
3651
8363
2264
1340
825
3667
1517
6521
3668
7181
7912
7909
316
7165
236
962
9440
6920
6855
2719
906
5243
1631
5861
229
5799
5943
4012
4655
2538
3114
5398
6081
843
7760
9055
692
8816
9189
6064
2397
9641
9922
4398
2667
6270
3102
5589
6614
4195
2624
2566
1123
2208
8997
2984
9507
2308
5531
4455
1152
9669
8038
7648
4750
583
8077
7291
6594
8543
4707
2723
1539
2499
7169
8484
7893
3220
8143
7719
8037
6487
2409
9103
6502
3685
473
5047
7333
8176
6982
4246
820
7472
8287
9686
2671
4380
1281
7668
4780
4489
439
95
4754
703
2388
4861
7110
9615
1881
243
5036
8072
4803
4994
2077
7531
3529
8316
8796
3915
1133
4632
9127
7182
5383
143
5981
142
9097
2681
2202
4167
1254
6300
4826
1406
3675
4609
5601
2621
3811
3899
1014
1287
956
5900
1192
7830
1284
1088
8756
8265
2147
1935
5798
7286
2157
926
687
7259
4153
8480
1129
9186
1740
4952
1949
2834
1780
8447
7555
406
9450
6116
8869
6227
9428
3210
1952
7627
4600
2851
4031
4571
7250
4038
2330
3126
9362
5304
4071
1012
2604
3314
4605
1649
2508
8153
1487
2296
2976
8841
6169
1864
2364
7809
9752
2761
4866
176
3787
4777
34
1019
5904
4818
7748
9363
9734
1073
2530
7960
3517
3364
7489
8521
2518
5533
3627
5074
6184
3750
5315
7959
7021
1503
812
8681
1227
3413
869
6395
1145
367
6951
6236
7427
1396
8515
942
7529
4550
3519
3856
8443
3592
6955
4363
3878
9710
2620
8590
827
4377
471
6586
3396
3083
1582
4399
2309
669
1250
9908
4322
6504
9869
6940
4595
8727
9694
2714
2193
3523
9772
8187
2934
9759
964
374
746
6497
8086
1914
2138
8016
4844
4688
9512
6996
3481
2169
6869
2199
2105
3457
1273
3682
3657
201
5261
5823
850
4146
8412
3504
1110
3844
96
1561
2502
1560
234
6587
9825
9195
1151
1404
3049
8229
8627
5948
5417
3999
2924
9279
5075
284
5882
6230
8522
6352
495
7621
4471
9572
3402
7385
6095
3739
6205
9190
4601
178
8355
156
2249
5966
8361
5956
1810
388
454
5737
8578
8819
3474
2895
7221
9118
9980
5669
8895
638
8241
9806
5424
1115
9795
3198
5702
4369
1912
1215
4378
4598
6415
8156
6845
9881
1707
8954
5120
9910
2873
355
2700
9074
8231
3518
3982
4562
6644
1573
6508
6446
2251
8376
2956
3057
9611
2831
7332
7416
9027
1191
1669
3867
1141
5940
6698
1706
8201
3990
1317
3248
970
4205
2878
2203
5607
8403
9408
8058
2166
1022
3162
7793
7649
6954
7816
8976
8451
4983
4123
2862
9160
4410
8978
1839
2111
225
4014
8293
2696
3433
5187
609
7946
8186
4066
2709
2000
7579
702
3133
2363
9023
5756
4496
6178
2857
8949
5397
6641
853
7496
6079
3681
8346
1808
4772
3289
2294
2290