1566
189
1391
31
977
664
1379
88
83
1161
393
1675
1697
1373
518
158
1265
1925
1959
1928
1368
846
532
1219
466
1251
958
328
1558
1738
542
1404
210
332
1665
1160
1488
1850
830
627
1472
1710
1901
1079
473
756
694
644
1934
1423
628
280
28
678
1510
330
759
1821
925
1044
1756
163
1671
1683
1476
1093
1957
879
696
295
1610
898
1703
491
150
133
493
420
1852
1008
322
373
60
485
1824
1214
390
1078
1497
482
1541
524
314
61
1886
1637
1517
1614
870
1179
221
1547
1121
1887
710
573
1152
900
1148
506
285
1347
1749
380
1907
1972
986
287
1947
1084
1760
1050
1450
706
1855
557
29
1200
1674
71
230
379
1768
1669
1321
1818
325
533
385
530
832
1664
1646
1592
1506
908
478
1120
1693
850
723
1868
333
1571
994
1859
1207
1742
207
1085
726
1094
993
1299
1948
776
191
1444
239
847
1619
79
1020
214
700
859
317
1064
949
1327
69
1775
1575
2000
937
1767
1292
437
1739
1608
607
1598
1828
1097
1567
1711
1271
1731
1312
1130
1617
97
351
1848
406
326
773
1384
593
1930
1753
1486
753
1724
413
860
1393
115
199
1812
1028
882
70
1370
159
1412
277
1149
1680
608
1746
113
1147
1133
1551
1861
758
1727
381
1082
955
979
558
1235
1882
1399
1591
798
1001
827
641
1046
617
1898
72
666
1191
1984
1860
1734
1325
128
985
1961
1564
1524
1202
729
1240
1615
96
1686
202
1018
1281
375
579
1096
486
1781
384
290
574
1045
266
1546
1690
1789
1765
1033
178
1793
123
1004
750
1845
1977
1019
212
742
321
297
610
300
348
1382
818
340
996
1535
54
137
89
1580
1613
1118
425
1276
738
633
1658
1840
1966
1272
828
90
1992
1175
408
862
514
762
785
1518
237
184
1267
1336
1881
176
1603
1065
1777
1176
182
1892
119
391
236
1969
1616
1754
1817
495
1244
174
565
442
1813
130
269
1000
1025
281
1719
80
983
1952
1102
1255
474
1652
970
940
809
890
1884
715
787
1540
20
1247
431
636
1717
991
1844
522
920
889
74
613
801
1771
354
1955
323
283
736
675
1066
875
335
1522
215
1694
813
1245
201
1422
382
85
367
75
1165
279
638
231
1672
1186
1794
238
108
87
605
216
1505
1601
1912
1620
954
414
228
1408
177
1432
1709
1069
264
1960
394
66
1166
55
386
1250
732
795
226
1460
288
1037
1970
1027
1629
690
44
1195
1193
1055
1143
733
853
634
1127
1533
1184
338
1504
516
1866
880
1839
1641
1964
1706
154
911
1949
1829
1572
695
1049
419
219
761
1922
504
53
904
1145
1640
196
746
78
693
1308
616
1810
1171
867
784
1590
1380
64
1002
508
844
1411
1890
1358
942
1939
612
768
1847
289
549
1454
1397
1352
972
669
747
62
1750
252
618
1783
121
656
1169
1119
131
1074
224
1177
1464
725
1424
835
834
430
1015
1716
1780
976
1182
50
134
52
1904
789
1173
1243
933
1438
1490
1346
1212
1136
77
1409
988
462
767
1935
657
1172
630
498
1806
1402
699
1943
604
1014
1342
298
1557
259
1965
671
1707
86
1284
1183
1441
1378
1329
1561
472
1198
1808
1799
538
760
1976
1132
1101
1371
1081
1178
1879
1544
376
661
1
951
142
1274
200
703
1745
1740
1047
576
438
1525
337
1154
1021
780
863
1400
1532
1468
1395
100
709
1311
467
984
304
1229
1340
1277
1585
1876
45
1900
1718
883
1030
1688
1374
1914
1538
1113
1933
547
91
1552
1909
917
1168
575
256
872
6
913
956
1986
341
1634
992
766
571
599
1041
808
160
932
109
374
1520
1083
167
914
777
1092
1932
551
116
1748
1227
1973
775
1971
968
1521
1584
140
465
1755
1499
722
117
1639
1003
1241
1328
35
1448
426
1790
1252
1330
1324
718
1266
1677
891
643
235
145
1032
1911
1405
845
378
217
572
1313
1099
1514
1116
1369
1782
751
1350
347
1355
1491
1225
1011
95
1660
101
745
1527
707
1494
1635
1413
824
765
250
1569
195
1256
528
139
1609
1759
15
155
1834
698
931
1331
365
632
615
1386
1708
581
22
127
1463
635
37
708
892
144
1273
258
432
227
1430
1433
688
1372
343
1630
563
111
208
714
1285
871
1526
1420
1076
873
1318
1761
1362
1326
192
704
1333
948
12
1306
1436
1543
562
99
361
1317
368
1594
500
1024
799
1823
242
855
512
1809
456
173
1230
1106
543
1656
291
658
1654
73
659
190
502
1487
1502
935
1896
1209
1867
676
1511
1332
464
1643
981
1516
642
1445
836
1036
1854
973
934
1814
1303
1581
193
1507
1915
183
240
1648
1700
578
441
716
1253
151
1751
887
336
1290
971
1144
884
677
1985
923
1722
1908
1038
1792
1269
248
869
1880
1052
1407
941
1151
481
307
1618
1029
1586
1833
1668
1387
1060
1691
1220
1366
1461
625
1270
255
692
1482
1319
1493
797
1043
1713
1604
1837
672
270
350
1316
166
1280
112
919
1902
897
229
539
598
772
418
1743
1515
515
32
1962
1263
1924
711
404
1563
455
132
1042
1088
1201
46
916
1338
527
990
1095
1542
1600
536
1163
306
587
225
1351
1588
679
1950
564
1467
896
165
98
1425
1906
1831
1188
1398
1661
1994
1124
1993
439
545
59
1642
1484
980
417
959
712
253
517
1599
815
1077
451
1315
1577
1268
1835
26
822
620
1758
475
1471
1007
1539
1979
1937
1122
788
1923
1873
791
1194
356
1459
359
273
39
1224
503
345
1791
1858
1536
23
537
1991
47
651
1531
792
567
662
282
320
1062
352
1426
1990
1951
566
744
357
1899
1480
1421
400
1048
1434
596
1509
1842
284
434
793
1856
1702
147
1910
912
433
415
247
848
1206
1234
1762
1221
1587
1851
1816
342
569
1769
755
181
1189
1627
1967
1576
1704
1498
411
1443
1104
807
203
580
1784
1181
741
734
1676
480
254
82
724
894
180
1523
463
810
1451
18
893
1302
757
583
25
49
1554
568
339
129
499
586
1822
1013
1185
903
1529
496
40
33
673
1236
1726
392
1297
731
1897
1455
603
637
521
7
1375
1139
1415
585
1632
740
1356
1103
1291
1679
1242
1192
519
1687
1211
1795
523
548
243
1053
717
1692
1150
577
944
244
987
1942
631
826
1681
1737
921
24
1701
1752
1213
947
849
930
1458
222
492
1582
525
1367
967
681
1946
479
1920
541
906
1068
1832
820
1953
469
389
1803
1353
429
831
812
1237
823
1785
274
1820
1723
964
1314
783
1403
965
1322
1503
124
1158
858
299
621
1383
1999
1807
963
1836
1262
364
171
1110
213
1596
901
1298
811
494
1051
1682
590
211
1429
1072
989
92
440
19
907
570
27
1228
84
427
1787
249
1849
1715
1921
713
702
705
312
1428
272
81
179
752
1918
409
1875
829
1126
1982
103
1841
329
1203
1259
1779
1714
2
614
1798
1278
501
1825
1431
1187
490
998
1304
885
76
1998
936
1117
721
1260
735
1625
293
895
194
1016
1530
520
416
1364
905
168
665
319
170
1465
263
1416
313
448
241
513
938
1732
1853
619
138
331
1439
41
597
1559
864
1663
1090
233
477
388
93
1475
1070
363
510
141
1264
395
1296
1390
769
584
1138
362
819
868
1931
366
1035
1115
1495
1363
1562
1650
51
1478
205
902
1087
1483
877
1568
806
685
453
796
1863
1987
1377
1414
650
856
1553
653
1729
952
209
152
276
670
1763
1071
1975
1063
1057
1435
804
1492
146
369
301
1963
648
1453
737
909
353
1286
1570
1612
629
407
275
683
1513
794
110
421
1365
886
588
1770
1061
1655
1903
770
555
310
1778
1878
1108
436
1772
1337
21
1626
372
1988
1801
861
305
857
1457
1913
1684
1205
655
1294
1870
1293
663
1167
1289
355
1766
1941
1989
866
1226
303
94
1418
1406
143
1199
1305
1607
686
1123
646
1659
719
840
1446
803
1744
509
974
1067
1359
1345
1917
1623
1631
1140
1341
691
727
1889
403
697
1597
754
114
1344
910
1137
602
1442
1573
1555
57
1622
1009
122
318
1843
334
1254
595
1466
1997
852
471
1736
1343
8
410
294
399
1712
1180
1805
1058
186
1389
188
534
286
402
457
1644
67
1238
689
1128
387
1773
271
645
560
187
600
261
1666
1360
292
1895
1774
48
1578
649
639
611
10
939
4
1164
197
136
1111
206
1470
957
1485
961
484
1283
561
1528
106
838
1496
1534
640
454
1129
1893
316
1621
821
771
120
1034
1764
1349
1956
878
1452
720
311
1153
1678
1705
349
3
1565
843
1560
1730
1427
1802
1381
507
582
626
153
483
398
928
833
786
232
1500
1645
327
1936
999
118
1246
1611
1872
1162
1537
1954
816
674
1512
148
1469
16
1944
922
14
1039
34
424
1310
592
1474
680
1196
1574
1394
1929
924
654
1006
104
149
164
764
531
1489
1815
943
1757
505
1479
1017
927
1945
1295
1501
647
1862
346
1869
42
1905
1874
1456
1628
1339
308
344
1107
1155
489
1026
1204
470
1804
1995
262
383
1223
1410
1376
220
1624
1419
65
1667
1733
1747
1981
837
997
422
1800
1210
790
814
488
1595
851
487
5
606
1248
1309
841
1605
1827
854
825
1980
1796
960
30
1662
1996
1871
526
43
1519
161
1481
251
1197
1728
1891
1261
11
774
1300
1301
1449
1698
668
1233
594
447
800
423
1010
468
1385
1919
687
529
805
1135
1222
1320
1388
623
1958
452
9
370
377
1894
397
601
1776
1885
749
1279
435
945
324
405
552
1157
682
1174
185
1916
1146
1218
540
1926
449
1838
1653
1651
1741
1417
842
1473
412
497
1022
459
779
1105
260
1864
265
946
1940
1091
476
728
309
748
1974
888
1159
1288
1023
1583
302
56
511
559
13
995
1086
443
1556
1275
1696
1208
1141
1109
1721
1545
1012
257
1258
198
839
926
1647
1877
1978
126
1287
1699
1649
763
360
1114
1549
315
781
1968
1477
684
223
969
1156
1089
358
1357
460
1857
899
1282
1217
1131
1593
652
1447
157
135
1392
17
550
1075
802
63
444
554
743
58
1215
950
1100
1786
1462
1508
544
962
268
915
218
1170
1983
1938
1249
1437
978
1579
162
1334
278
169
107
1811
1232
874
556
1695
1190
68
1883
102
1927
701
1633
450
1830
881
458
1134
245
36
1725
1401
267
38
1440
929
445
1819
1031
156
624
782
966
1826
1054
1125
1638
1307
1142
739
1689
622
1231
175
371
865
401
428
591
246
1361
1239
660
1348
730
1323
609
982
1216
876
1865
1073
204
1112
1888
1059
1720
975
817
1005
396
1040
1685
1673
1548
546
953
1846
1080
1056
1797
1670
446
296
1602
535
553
918
1657
1589
1788
172
667
1550
234
1335
1098
125
1396
105
1735
1606
1257
1354
1636
461
589
778