2
100
424
453
346
29
248
278
150
374
149
227
294
12
440
18
6
155
15
31
66
35
141
299
131
438
103
212
482
181
25
189
266
443
117
339
305
21
132
356
375
216
433
336
50
67
49
158
461
228
473
5
176
310
65
263
7
423
399
10
450
1
145
326
434
16
386
190
51
84
377
166
348
441
344
451
147
142
218
366
337
198
353
175
400
94
293
352
71
249
236
238
335
30
90
282
411
37
97
499
462
186
233
164
483
208
53
11
52
152
217
463
252
410
14
338
478
200
345
20
273
361
23
262
330
372
500
127
470
430
171
396
250
79
130
9
481
165
69
134
464
133
188
199
296
242
456
355
313
358
401
435
91
38
292
281
309
220
253
185
382
61
369
225
93
449
498
177
303
135
178
265
170
111
129
486
83
275
298
110
357
436
72
123
146
112
182
116
237
207
75
315
88
267
365
40
467
13
459
354
154
232
418
96
180
258
226
210
397
343
385
251
209
140
403
246
120
318
371
191
26
314
211
82
33
174
22
328
306
159
105
466
221
319
428
413
384
412
73
289
95
231
454
161
271
429
376
114
163
437
407
484
425
334
4
55
192
312
80
257
409
60
157
76
460
59
297
452
104
419
156
203
58
480
206
269
143
28
417
187
360
244
474
54
229
448
92
388
173
256
329
89
446
63
87
321
224
115
39
172
108
333
3
107
350
136
34
102
46
485
475
62
113
193
327
64
301
497
472
86
235
272
260
204
341
234
196
378
402
195
368
489
295
492
444
342
213
68
332
45
389
122
349
469
139
268
284
283
488
27
106
420
476
285
367
286
56
41
300
405
325
468
270
153
17
223
184
496
101
44
490
394
222
304
74
331
77
307
447
391
302
202
162
144
364
320
274
381
81
404
442
247
311
308
379
241
398
259
43
276
392
494
458
255
8
465
359
109
279
19
347
445
471
290
85
322
426
125
160
455
287
383
32
408
121
363
214
70
48
47
427
380
230
98
277
243
393
288
137
205
118
317
124
219
239
495
169
493
215
416
487
414
439
491
194
138
431
362
167
457
168
128
24
351
183
42
479
179
324
316
340
57
119
432
264
406
280
261
415
126
477
197
245
240
291
201
99
390
36
387
323
254
422
370
421
395
151
78
148
373